100 100
0 6 6
0 15 8
0 27 2
0 30 6
0 35 3
0 37 3
0 41 9
0 55 9
0 57 9
0 60 9
0 64 9
0 71 1
0 74 1
0 75 1
0 77 2
0 82 6
0 85 9
0 93 8
1 0 8
1 4 3
1 8 4
1 9 5
1 21 4
1 22 9
1 28 1
1 34 6
1 40 9
1 50 8
1 57 3
1 58 5
1 60 2
1 61 8
1 72 6
1 74 1
1 78 9
1 79 2
1 82 3
1 83 7
1 84 2
1 85 9
1 87 3
1 92 3
1 93 7
1 96 7
2 1 3
2 6 8
2 11 9
2 15 5
2 16 1
2 22 9
2 25 6
2 27 3
2 28 2
2 35 9
2 40 8
2 43 2
2 46 1
2 48 3
2 50 8
2 57 9
2 62 8
2 66 6
2 68 8
2 72 3
2 73 8
2 74 3
2 83 2
2 89 1
2 90 4
2 91 1
3 1 6
3 2 7
3 3 6
3 5 3
3 12 8
3 13 2
3 15 7
3 16 9
3 17 5
3 18 8
3 22 1
3 28 4
3 38 1
3 40 6
3 41 2
3 44 6
3 54 8
3 56 1
3 58 1
3 65 9
3 66 5
3 68 5
3 77 2
3 82 9
3 84 7
3 85 1
3 89 3
3 95 2
3 96 4
4 5 6
4 7 5
4 23 7
4 33 1
4 34 4
4 38 5
4 43 3
4 55 8
4 57 5
4 60 2
4 61 3
4 64 8
4 65 8
4 75 3
4 77 5
4 79 3
4 80 8
4 84 8
4 85 7
4 90 6
4 92 4
4 99 9
5 3 3
5 4 9
5 5 3
5 6 8
5 9 8
5 10 8
5 12 2
5 14 1
5 15 6
5 22 5
5 23 1
5 26 7
5 30 3
5 43 5
5 48 1
5 52 4
5 53 6
5 58 7
5 63 3
5 64 2
5 70 1
5 71 6
5 73 2
5 74 1
5 75 3
5 83 1
5 88 5
5 93 5
5 95 5
5 96 7
5 97 8
5 98 3
6 2 9
6 5 2
6 6 3
6 8 4
6 19 1
6 23 2
6 25 3
6 28 8
6 44 5
6 46 5
6 49 1
6 54 4
6 58 7
6 65 2
6 71 6
6 72 1
6 75 8
6 76 1
6 78 2
6 86 3
6 93 4
6 97 1
6 99 7
7 0 5
7 1 3
7 4 3
7 5 6
7 10 7
7 16 5
7 21 5
7 24 9
7 34 1
7 35 4
7 39 9
7 41 2
7 50 2
7 53 4
7 56 6
7 60 3
7 62 7
7 63 8
7 66 2
7 70 3
7 72 7
7 74 1
7 78 2
7 79 1
7 80 4
7 86 2
7 90 6
7 95 7
7 96 4
7 99 9
8 0 2
8 7 1
8 8 2
8 14 2
8 15 7
8 20 9
8 25 1
8 35 4
8 39 7
8 42 2
8 43 9
8 45 8
8 50 5
8 55 2
8 57 5
8 63 3
8 66 8
8 67 5
8 69 1
8 71 1
8 74 7
8 77 4
8 78 9
8 79 1
8 80 8
8 94 7
8 96 3
8 99 1
9 1 1
9 2 4
9 6 4
9 8 8
9 15 5
9 24 9
9 26 2
9 27 3
9 32 3
9 33 3
9 34 4
9 37 1
9 38 5
9 41 4
9 48 6
9 53 6
9 54 2
9 57 9
9 60 7
9 69 7
9 71 5
9 79 4
9 87 9
9 89 8
9 90 6
9 92 1
9 95 4
9 96 3
9 98 2
10 3 2
10 13 5
10 17 8
10 18 5
10 19 8
10 22 6
10 23 5
10 31 5
10 51 7
10 56 6
10 57 3
10 65 6
10 69 7
10 70 7
10 76 7
10 78 2
10 88 9
10 91 5
11 0 1
11 3 2
11 5 3
11 10 9
11 13 5
11 21 2
11 23 2
11 27 2
11 29 4
11 32 3
11 42 7
11 45 4
11 48 6
11 52 2
11 54 4
11 60 4
11 63 9
11 66 8
11 69 5
11 72 1
11 77 3
11 80 4
11 81 1
11 87 3
11 95 4
11 98 7
12 0 9
12 7 3
12 9 1
12 10 5
12 18 9
12 25 9
12 32 9
12 36 9
12 40 5
12 41 4
12 48 1
12 53 7
12 54 3
12 59 8
12 60 4
12 61 8
12 64 6
12 67 4
12 70 6
12 73 3
12 78 4
12 79 1
12 82 1
12 85 2
12 92 1
12 96 1
12 99 7
13 4 9
13 6 7
13 8 2
13 9 2
13 11 3
13 12 3
13 14 2
13 16 6
13 23 6
13 24 3
13 26 8
13 28 4
13 36 2
13 38 2
13 44 1
13 48 5
13 58 1
13 60 3
13 65 9
13 66 7
13 69 7
13 74 4
13 75 6
13 76 1
13 78 1
13 82 5
13 86 4
13 87 2
13 92 3
13 99 1
14 1 6
14 5 2
14 8 8
14 12 4
14 13 7
14 15 6
14 23 3
14 29 1
14 43 9
14 44 5
14 48 8
14 50 1
14 51 4
14 54 6
14 55 6
14 56 4
14 60 9
14 63 2
14 64 2
14 72 3
14 75 5
14 79 2
14 82 2
14 85 4
14 89 6
14 91 7
14 95 4
14 96 2
15 2 4
15 3 3
15 7 8
15 16 2
15 17 8
15 22 2
15 23 2
15 27 9
15 33 9
15 40 4
15 49 9
15 50 5
15 53 2
15 54 7
15 55 4
15 66 9
15 69 3
15 70 6
15 74 9
15 78 9
15 82 7
15 83 2
15 85 6
15 87 9
15 91 8
15 92 6
15 93 8
15 94 1
15 99 7
16 5 2
16 7 5
16 14 5
16 23 8
16 26 7
16 28 1
16 34 3
16 36 2
16 45 5
16 50 2
16 53 9
16 55 8
16 58 8
16 59 9
16 62 8
16 67 7
16 70 2
16 74 8
16 75 9
16 78 3
16 81 2
16 85 2
16 86 1
16 87 9
16 93 1
16 96 4
16 98 3
17 4 6
17 5 6
17 7 8
17 13 8
17 19 4
17 22 8
17 25 3
17 27 3
17 31 2
17 32 2
17 37 8
17 39 2
17 42 6
17 46 5
17 48 7
17 51 6
17 52 3
17 54 3
17 56 2
17 65 6
17 66 8
17 67 9
17 68 4
17 74 6
17 75 4
17 77 8
17 81 6
17 83 4
17 86 7
17 92 2
17 94 1
17 95 8
17 96 9
17 98 1
18 0 7
18 3 5
18 7 3
18 11 8
18 14 1
18 21 7
18 23 1
18 26 8
18 27 4
18 28 7
18 30 5
18 37 6
18 40 2
18 44 6
18 46 9
18 47 2
18 59 2
18 61 8
18 70 6
18 74 8
18 80 4
18 81 2
18 83 7
18 92 3
18 94 5
18 95 1
19 2 7
19 4 4
19 6 4
19 14 2
19 24 5
19 26 7
19 32 5
19 35 3
19 37 6
19 46 4
19 54 6
19 56 7
19 62 6
19 63 3
19 64 5
19 71 1
19 73 7
19 76 2
19 77 5
19 78 9
19 84 2
19 97 8
20 2 7
20 4 5
20 8 1
20 11 7
20 13 5
20 18 6
20 21 6
20 22 7
20 25 9
20 31 5
20 39 7
20 41 8
20 45 4
20 46 7
20 48 8
20 49 7
20 52 6
20 60 7
20 61 5
20 62 3
20 73 8
20 79 3
20 83 5
20 88 5
21 1 6
21 3 4
21 12 9
21 14 5
21 15 4
21 24 7
21 27 1
21 30 2
21 38 2
21 39 8
21 43 8
21 50 1
21 51 7
21 53 9
21 54 4
21 55 3
21 57 5
21 60 7
21 62 7
21 64 7
21 65 9
21 73 3
21 74 9
21 77 9
21 78 4
21 84 7
21 94 4
21 99 5
22 1 2
22 7 8
22 8 9
22 19 4
22 27 9
22 30 4
22 34 1
22 39 6
22 40 9
22 44 4
22 48 9
22 53 8
22 57 9
22 66 1
22 74 8
22 81 7
22 88 9
22 92 8
22 95 7
22 98 8
22 99 4
23 10 8
23 12 1
23 13 2
23 14 4
23 20 4
23 21 6
23 22 1
23 24 1
23 26 6
23 33 7
23 35 1
23 38 7
23 40 8
23 46 8
23 48 5
23 52 5
23 53 3
23 67 7
23 68 9
23 69 1
23 73 9
23 83 8
23 88 4
23 90 3
23 92 8
23 94 7
23 96 5
23 97 2
23 98 1
23 99 2
24 1 7
24 10 3
24 13 6
24 14 8
24 16 4
24 19 1
24 24 9
24 26 6
24 34 8
24 39 2
24 46 6
24 48 5
24 52 1
24 54 9
24 56 4
24 58 9
24 61 2
24 64 6
24 73 9
24 79 1
24 87 9
25 1 8
25 10 6
25 17 7
25 20 1
25 30 6
25 34 9
25 51 9
25 52 4
25 57 3
25 59 8
25 67 1
25 78 9
25 80 3
25 81 9
25 86 9
25 93 2
25 95 2
25 96 3
26 11 7
26 28 5
26 32 2
26 35 2
26 39 8
26 41 1
26 42 4
26 45 5
26 46 3
26 47 9
26 51 9
26 52 6
26 53 2
26 56 3
26 63 4
26 64 6
26 66 9
26 69 6
26 70 1
26 74 7
26 77 8
26 86 1
27 2 6
27 5 7
27 8 1
27 17 6
27 18 4
27 20 7
27 21 1
27 24 7
27 30 3
27 32 4
27 35 6
27 36 9
27 37 5
27 38 3
27 40 6
27 41 7
27 44 3
27 45 9
27 47 1
27 48 3
27 54 2
27 55 2
27 57 6
27 63 1
27 67 8
27 68 7
27 74 2
27 81 1
27 82 9
27 90 7
27 92 3
27 94 3
27 96 7
28 1 9
28 2 7
28 11 8
28 13 1
28 14 6
28 16 3
28 19 9
28 30 8
28 33 6
28 34 6
28 35 6
28 36 8
28 37 1
28 39 8
28 42 7
28 44 8
28 47 5
28 48 2
28 55 2
28 56 7
28 58 5
28 61 8
28 68 8
28 70 5
28 73 5
28 74 9
28 80 9
28 82 8
28 89 2
28 93 8
28 95 7
29 2 2
29 3 5
29 8 9
29 14 1
29 15 4
29 17 2
29 20 1
29 22 5
29 26 5
29 28 4
29 35 7
29 38 3
29 39 2
29 45 3
29 53 5
29 55 7
29 58 8
29 61 1
29 63 2
29 73 9
29 77 4
29 79 4
29 81 9
29 85 6
29 92 7
29 94 3
29 95 4
29 99 1
30 2 7
30 3 9
30 9 1
30 16 2
30 17 5
30 23 6
30 24 7
30 26 6
30 35 8
30 36 2
30 37 2
30 44 4
30 45 9
30 55 8
30 58 3
30 59 2
30 61 1
30 63 4
30 70 3
30 76 5
30 86 3
30 88 5
30 90 3
30 91 2
30 92 9
31 1 5
31 3 4
31 5 8
31 6 2
31 9 7
31 11 9
31 13 2
31 18 8
31 26 4
31 28 4
31 29 9
31 30 4
31 32 7
31 33 7
31 34 5
31 36 3
31 37 9
31 42 7
31 48 6
31 53 1
31 60 4
31 62 6
31 63 2
31 65 9
31 67 6
31 71 6
31 75 8
31 76 2
31 81 8
31 84 8
31 90 1
31 91 7
31 93 9
31 94 7
31 95 7
31 96 3
31 97 8
31 98 4
31 99 1
32 16 2
32 26 4
32 29 9
32 40 6
32 43 6
32 44 3
32 47 7
32 50 5
32 53 8
32 55 1
32 59 8
32 60 3
32 61 9
32 63 2
32 68 1
32 77 4
32 83 8
32 85 3
32 88 7
32 89 2
32 90 1
32 92 9
32 93 5
32 95 5
33 10 9
33 11 2
33 12 7
33 26 1
33 28 1
33 30 6
33 31 2
33 38 2
33 41 3
33 43 7
33 44 6
33 48 7
33 50 7
33 55 9
33 58 4
33 59 3
33 60 2
33 65 9
33 69 5
33 70 9
33 71 5
33 72 6
33 79 2
33 90 3
33 91 9
33 96 6
34 5 3
34 7 7
34 8 3
34 10 8
34 21 9
34 22 7
34 23 6
34 31 4
34 35 6
34 36 6
34 37 4
34 42 5
34 43 8
34 59 3
34 60 6
34 61 2
34 68 1
34 69 8
34 70 5
34 71 3
34 73 5
34 74 9
34 77 4
34 80 5
34 81 9
34 85 4
34 86 9
34 87 4
34 89 4
34 96 8
34 98 3
35 6 3
35 9 9
35 11 7
35 21 8
35 23 1
35 36 2
35 40 8
35 41 6
35 42 6
35 44 8
35 50 4
35 53 4
35 63 7
35 73 1
35 79 9
35 80 9
35 83 6
35 96 8
35 98 6
36 0 3
36 5 8
36 11 5
36 12 3
36 13 7
36 16 6
36 23 7
36 24 9
36 25 4
36 27 7
36 30 5
36 32 5
36 34 6
36 36 6
36 41 3
36 46 6
36 47 6
36 48 2
36 49 7
36 52 1
36 57 5
36 58 4
36 63 2
36 69 9
36 71 2
36 75 4
36 77 2
36 86 8
36 93 3
37 0 1
37 9 8
37 12 3
37 14 5
37 18 7
37 19 6
37 22 8
37 26 3
37 28 6
37 30 7
37 35 7
37 43 1
37 52 4
37 61 3
37 62 4
37 65 5
37 72 3
37 81 1
37 86 1
37 87 6
37 88 5
37 94 1
37 95 7
37 97 4
37 99 4
38 1 1
38 3 2
38 4 4
38 7 5
38 10 5
38 11 1
38 12 2
38 32 3
38 33 8
38 34 3
38 35 1
38 36 4
38 40 8
38 41 6
38 46 9
38 48 9
38 53 4
38 60 6
38 73 3
38 75 5
38 78 2
38 79 9
38 80 6
38 82 1
38 84 5
38 89 3
38 97 2
38 98 1
39 0 7
39 8 3
39 13 5
39 14 1
39 16 6
39 20 1
39 21 9
39 26 2
39 29 3
39 30 6
39 42 1
39 48 7
39 50 5
39 51 7
39 52 7
39 54 2
39 64 7
39 68 4
39 84 7
39 89 1
39 99 6
40 1 7
40 3 9
40 18 2
40 20 9
40 22 5
40 31 6
40 41 4
40 43 7
40 47 9
40 49 2
40 50 8
40 55 5
40 60 2
40 77 1
40 89 5
40 91 1
40 92 8
40 93 5
40 97 7
40 98 5
41 0 6
41 3 7
41 4 5
41 5 6
41 10 6
41 16 1
41 19 1
41 23 5
41 31 9
41 32 4
41 33 2
41 36 2
41 37 9
41 38 9
41 44 9
41 47 4
41 48 9
41 53 1
41 59 9
41 60 5
41 81 7
41 82 8
41 84 6
41 88 2
41 93 6
41 95 4
41 97 2
41 99 6
42 0 6
42 3 1
42 7 5
42 21 6
42 28 7
42 35 6
42 42 4
42 46 3
42 62 2
42 64 8
42 69 1
42 75 3
42 77 4
42 82 2
42 84 3
42 85 3
42 87 4
42 92 5
42 95 1
42 96 5
42 97 8
43 8 4
43 11 8
43 18 8
43 19 2
43 33 6
43 42 5
43 45 6
43 50 9
43 51 1
43 54 7
43 61 9
43 66 6
43 69 4
43 79 3
43 87 2
43 89 1
43 92 8
43 93 9
43 94 9
43 97 3
43 98 6
43 99 4
44 22 1
44 26 6
44 36 2
44 38 3
44 42 3
44 58 3
44 59 7
44 60 3
44 69 6
44 73 1
44 79 7
44 87 3
44 90 3
44 98 6
44 99 8
45 7 2
45 16 7
45 24 4
45 25 1
45 26 5
45 30 1
45 32 6
45 44 4
45 51 1
45 57 1
45 59 6
45 61 9
45 63 3
45 64 4
45 66 1
45 67 8
45 68 4
45 71 5
45 76 1
45 78 3
45 82 5
45 92 1
45 95 6
46 0 9
46 1 8
46 17 2
46 19 5
46 29 9
46 31 1
46 34 6
46 36 6
46 37 9
46 38 6
46 41 7
46 42 2
46 43 1
46 44 1
46 47 5
46 48 7
46 49 1
46 50 1
46 53 5
46 54 3
46 56 6
46 65 5
46 67 4
46 73 7
46 75 2
46 79 7
46 83 5
46 86 1
46 97 8
47 2 9
47 5 5
47 6 9
47 10 7
47 12 6
47 14 1
47 15 8
47 18 6
47 19 5
47 24 9
47 25 2
47 27 7
47 47 2
47 48 1
47 56 9
47 57 8
47 60 6
47 62 2
47 64 6
47 66 4
47 72 9
47 79 3
47 84 5
47 87 9
47 89 6
47 91 4
47 93 3
47 94 4
47 99 4
48 1 4
48 4 5
48 6 2
48 7 9
48 8 8
48 13 5
48 15 8
48 22 4
48 23 4
48 25 1
48 30 1
48 31 6
48 32 6
48 35 2
48 38 8
48 40 9
48 42 8
48 43 1
48 46 9
48 47 6
48 49 6
48 50 8
48 61 9
48 63 8
48 65 8
48 67 1
48 69 3
48 77 8
48 80 7
48 81 2
48 85 9
48 88 7
48 94 7
48 95 5
49 1 1
49 8 6
49 9 5
49 18 7
49 31 3
49 35 9
49 36 4
49 38 9
49 39 9
49 42 8
49 43 2
49 45 7
49 46 1
49 52 2
49 53 7
49 55 8
49 60 4
49 62 6
49 67 3
49 71 2
49 75 9
49 76 7
49 80 4
49 82 4
49 96 6
49 97 2
49 99 9
50 1 9
50 3 4
50 11 5
50 21 1
50 26 5
50 27 1
50 30 2
50 31 5
50 33 2
50 38 5
50 41 2
50 42 1
50 43 5
50 50 3
50 52 9
50 55 7
50 59 1
50 61 2
50 62 9
50 64 3
50 75 1
50 77 8
50 79 8
50 81 2
50 87 1
50 90 2
50 92 3
50 96 1
51 6 9
51 10 3
51 20 4
51 29 8
51 32 7
51 33 2
51 35 8
51 40 4
51 43 3
51 44 9
51 50 8
51 52 9
51 54 6
51 56 2
51 57 3
51 65 7
51 68 5
51 69 6
51 72 2
51 75 7
51 76 2
51 82 6
51 84 9
51 90 2
51 97 7
52 7 3
52 10 5
52 15 7
52 22 1
52 25 9
52 37 6
52 38 4
52 39 1
52 42 8
52 44 2
52 46 1
52 47 5
52 51 5
52 54 5
52 59 1
52 61 8
52 63 6
52 71 3
52 74 5
52 75 5
52 76 3
52 77 9
52 78 7
52 80 6
52 81 6
52 84 7
52 85 8
52 87 2
52 89 4
52 95 9
52 99 7
53 0 5
53 2 9
53 13 8
53 19 8
53 23 1
53 31 3
53 34 9
53 35 8
53 36 3
53 38 8
53 43 7
53 47 2
53 48 3
53 55 5
53 56 2
53 59 3
53 60 8
53 64 7
53 68 4
53 71 7
53 75 2
53 76 6
53 78 4
54 3 4
54 4 2
54 6 2
54 8 5
54 9 1
54 10 4
54 12 7
54 16 9
54 20 9
54 21 7
54 25 4
54 29 1
54 31 1
54 34 6
54 35 6
54 40 2
54 44 5
54 51 6
54 54 8
54 62 7
54 67 2
54 69 5
54 74 6
54 77 1
54 79 6
54 81 4
54 82 3
54 86 1
54 88 9
54 91 3
54 96 4
55 1 9
55 4 6
55 5 3
55 8 5
55 10 7
55 11 7
55 12 9
55 17 2
55 23 9
55 25 4
55 30 3
55 34 3
55 38 6
55 40 6
55 41 6
55 43 2
55 45 7
55 51 2
55 55 6
55 56 4
55 61 1
55 62 9
55 64 8
55 70 5
55 75 3
55 77 7
55 82 3
55 83 9
55 91 3
55 94 6
55 95 6
55 99 9
56 0 7
56 10 7
56 13 8
56 14 6
56 18 6
56 20 9
56 21 3
56 26 7
56 28 7
56 34 7
56 38 1
56 40 7
56 46 2
56 50 7
56 52 9
56 55 5
56 61 7
56 66 7
56 68 5
56 69 6
56 70 9
56 75 2
56 80 7
56 83 2
56 87 9
56 88 9
56 91 6
56 94 6
56 96 1
56 99 6
57 0 2
57 9 5
57 19 8
57 21 7
57 25 3
57 29 8
57 33 5
57 39 9
57 43 5
57 46 2
57 47 7
57 54 2
57 56 6
57 59 1
57 60 6
57 67 9
57 68 5
57 73 8
57 79 7
57 84 5
57 86 9
57 87 7
57 97 7
58 3 3
58 5 1
58 7 1
58 10 5
58 11 5
58 12 2
58 15 6
58 16 9
58 18 9
58 27 2
58 30 4
58 32 9
58 34 4
58 36 8
58 37 9
58 39 7
58 47 4
58 54 2
58 56 4
58 63 8
58 79 6
58 94 4
59 1 2
59 3 8
59 4 7
59 9 3
59 10 2
59 11 4
59 14 3
59 19 2
59 30 7
59 33 9
59 38 6
59 42 5
59 43 1
59 51 5
59 54 3
59 58 3
59 60 6
59 62 2
59 75 4
59 76 1
59 78 7
59 80 7
59 82 4
59 85 6
59 89 2
59 97 8
59 98 9
60 5 2
60 6 3
60 7 1
60 8 8
60 15 6
60 25 8
60 32 3
60 35 1
60 36 5
60 38 5
60 42 9
60 43 8
60 48 7
60 50 1
60 51 7
60 55 7
60 56 4
60 57 5
60 59 2
60 60 4
60 61 3
60 65 1
60 66 7
60 67 3
60 69 2
60 74 1
60 75 5
60 81 5
60 90 2
60 91 8
60 92 1
60 96 7
61 3 2
61 14 6
61 16 5
61 22 9
61 26 4
61 28 3
61 33 7
61 37 4
61 41 5
61 42 4
61 48 2
61 66 7
61 67 8
61 70 2
61 71 1
61 77 1
61 78 4
61 80 4
61 83 4
61 84 5
61 86 5
61 92 2
61 95 1
61 96 7
61 97 9
61 99 2
62 8 5
62 9 7
62 12 1
62 19 3
62 23 1
62 25 6
62 30 7
62 34 7
62 38 8
62 42 9
62 44 8
62 49 4
62 50 3
62 51 2
62 55 6
62 64 3
62 68 9
62 69 9
62 73 7
62 74 9
62 75 4
62 79 6
62 83 4
62 86 4
62 95 4
63 0 2
63 5 3
63 6 1
63 10 4
63 13 2
63 15 5
63 18 5
63 19 9
63 20 9
63 21 6
63 22 7
63 23 3
63 24 3
63 26 3
63 28 3
63 32 7
63 33 1
63 37 2
63 40 4
63 49 3
63 50 3
63 59 1
63 63 4
63 68 8
63 69 9
63 72 1
63 80 5
63 92 6
63 93 9
63 95 1
63 97 4
64 1 6
64 5 9
64 6 9
64 8 7
64 13 8
64 14 9
64 24 5
64 27 3
64 28 3
64 33 9
64 39 6
64 40 4
64 43 9
64 46 8
64 47 2
64 52 5
64 55 7
64 56 1
64 66 4
64 67 3
64 68 4
64 70 1
64 71 1
64 77 7
64 81 5
64 84 2
64 87 9
64 92 2
65 4 7
65 9 5
65 10 4
65 14 9
65 19 5
65 20 6
65 22 3
65 27 5
65 32 5
65 34 2
65 37 2
65 38 7
65 39 6
65 41 1
65 42 5
65 53 6
65 61 7
65 65 2
65 69 4
65 71 2
65 73 6
65 75 5
65 76 2
65 77 9
65 78 7
65 80 8
65 89 7
65 92 2
65 97 4
66 5 7
66 8 6
66 13 7
66 16 9
66 18 7
66 21 9
66 31 5
66 37 6
66 38 8
66 43 9
66 44 7
66 45 8
66 48 8
66 52 5
66 54 3
66 56 1
66 60 6
66 61 9
66 62 4
66 65 5
66 66 6
66 76 6
66 78 5
66 79 4
66 88 1
66 89 9
66 93 5
66 97 5
67 5 3
67 7 6
67 11 3
67 19 5
67 22 8
67 28 3
67 30 1
67 33 6
67 58 8
67 64 1
67 65 1
67 69 9
67 76 9
67 78 2
67 80 4
67 81 7
67 88 7
67 96 8
67 98 8
68 11 3
68 12 3
68 18 2
68 26 5
68 32 1
68 42 6
68 46 9
68 49 1
68 52 9
68 58 7
68 59 6
68 60 4
68 61 7
68 62 4
68 65 3
68 66 5
68 75 7
68 79 4
68 80 6
68 91 1
68 94 4
68 95 3
68 97 3
69 3 5
69 9 9
69 13 8
69 16 3
69 19 1
69 21 1
69 27 4
69 30 1
69 33 6
69 36 2
69 44 6
69 48 2
69 50 7
69 51 5
69 57 5
69 59 3
69 68 7
69 69 3
69 77 1
69 78 8
69 81 4
69 91 6
69 94 5
69 97 8
70 3 4
70 10 4
70 18 6
70 26 8
70 33 3
70 41 3
70 45 5
70 52 9
70 54 5
70 61 6
70 65 3
70 66 7
70 68 9
70 70 4
70 72 9
70 74 5
70 76 2
70 77 6
70 80 6
70 86 2
70 95 4
70 96 1
71 0 9
71 13 6
71 15 2
71 22 6
71 29 8
71 30 6
71 31 3
71 34 8
71 35 8
71 37 9
71 40 6
71 44 4
71 45 9
71 48 6
71 52 6
71 58 3
71 60 4
71 61 6
71 65 9
71 68 1
71 69 2
71 71 1
71 76 9
71 80 5
71 85 4
71 91 1
71 96 3
72 2 2
72 3 1
72 12 7
72 13 3
72 19 1
72 48 3
72 66 1
72 69 5
72 72 7
72 74 4
72 76 4
72 79 9
72 83 2
72 86 5
72 87 5
72 89 9
72 92 5
73 4 4
73 6 4
73 7 1
73 9 2
73 10 5
73 11 7
73 13 5
73 17 9
73 25 7
73 27 2
73 31 8
73 38 6
73 48 5
73 49 4
73 51 2
73 53 8
73 55 1
73 58 8
73 60 3
73 61 2
73 63 5
73 64 6
73 68 9
73 80 8
73 84 1
73 89 7
74 2 2
74 3 4
74 4 3
74 6 4
74 7 5
74 11 7
74 13 1
74 18 9
74 23 1
74 27 9
74 30 8
74 33 1
74 41 3
74 43 2
74 48 5
74 49 4
74 51 7
74 52 3
74 53 2
74 55 6
74 61 2
74 65 6
74 67 5
74 77 1
74 80 6
74 91 4
74 95 6
74 97 9
74 99 7
75 15 8
75 20 3
75 22 7
75 24 9
75 28 7
75 29 1
75 30 4
75 31 8
75 34 1
75 38 6
75 46 2
75 48 8
75 49 8
75 58 9
75 59 5
75 61 3
75 66 1
75 71 8
75 74 5
75 83 7
75 89 4
75 94 9
75 98 4
76 3 5
76 13 9
76 18 3
76 19 4
76 24 7
76 25 2
76 28 7
76 35 4
76 37 3
76 38 2
76 42 1
76 45 9
76 52 1
76 55 8
76 61 1
76 63 2
76 64 5
76 68 5
76 71 7
76 81 4
76 82 6
76 84 6
76 85 5
76 91 6
77 0 7
77 1 1
77 7 1
77 9 5
77 11 5
77 13 7
77 17 3
77 23 9
77 29 9
77 43 7
77 52 7
77 57 1
77 62 3
77 70 7
77 73 2
77 76 3
77 86 6
77 90 2
77 92 5
77 93 2
77 95 2
77 96 5
78 8 5
78 10 6
78 17 1
78 28 7
78 34 9
78 40 1
78 41 2
78 44 7
78 54 5
78 62 9
78 68 2
78 73 5
78 75 3
78 78 5
78 82 2
78 86 3
78 90 7
78 91 8
78 92 1
78 93 6
78 99 4
79 4 2
79 8 1
79 11 9
79 12 8
79 15 4
79 17 5
79 23 8
79 24 7
79 26 4
79 37 5
79 39 7
79 41 3
79 45 7
79 46 2
79 47 5
79 49 4
79 60 4
79 67 5
79 68 5
79 69 2
79 70 1
79 71 2
79 83 3
79 88 7
79 96 8
79 98 3
79 99 2
80 0 3
80 2 5
80 5 2
80 6 9
80 12 1
80 14 4
80 15 7
80 18 1
80 30 1
80 31 2
80 34 4
80 37 3
80 40 7
80 53 2
80 57 2
80 59 7
80 61 1
80 64 3
80 65 3
80 69 1
80 70 1
80 73 2
80 77 2
80 87 8
80 94 6
80 96 9
81 19 7
81 21 8
81 25 9
81 29 3
81 31 7
81 35 7
81 36 9
81 49 9
81 52 4
81 53 1
81 58 6
81 59 6
81 60 3
81 61 3
81 62 6
81 63 7
81 67 5
81 70 5
81 72 7
81 76 6
81 81 6
81 88 9
81 91 2
81 93 8
81 95 8
81 96 4
81 98 2
82 1 3
82 4 9
82 6 5
82 8 8
82 13 9
82 19 6
82 20 6
82 21 7
82 26 7
82 29 7
82 36 6
82 39 8
82 40 3
82 42 9
82 44 7
82 48 4
82 58 6
82 62 3
82 69 9
82 82 1
82 86 9
82 87 4
82 88 8
82 96 9
82 99 7
83 7 5
83 8 8
83 11 3
83 12 9
83 31 6
83 34 1
83 35 5
83 37 2
83 44 7
83 46 2
83 48 3
83 49 8
83 55 9
83 59 7
83 63 2
83 67 3
83 68 5
83 79 1
83 84 8
83 87 4
83 88 7
83 91 8
83 94 7
83 97 6
84 0 5
84 5 7
84 10 8
84 13 7
84 16 9
84 17 2
84 23 3
84 31 7
84 35 6
84 39 9
84 40 2
84 41 6
84 43 2
84 48 6
84 49 1
84 63 9
84 71 1
84 83 1
84 87 7
84 90 5
84 91 3
84 92 1
84 93 7
84 95 2
85 2 2
85 3 3
85 5 4
85 7 8
85 10 3
85 13 5
85 14 7
85 24 5
85 30 5
85 32 2
85 37 2
85 38 1
85 45 9
85 48 5
85 49 3
85 63 4
85 73 6
85 75 7
85 76 1
85 89 4
85 92 6
85 95 6
85 96 5
85 97 8
85 99 2
86 1 8
86 3 9
86 7 3
86 9 6
86 10 6
86 11 7
86 16 7
86 17 8
86 21 6
86 22 1
86 24 2
86 26 1
86 28 4
86 31 4
86 33 7
86 35 8
86 37 9
86 43 9
86 44 5
86 51 4
86 53 7
86 54 1
86 58 7
86 59 5
86 63 5
86 72 2
86 79 7
86 80 5
86 82 2
86 86 8
86 88 7
86 90 3
86 95 6
86 96 9
87 1 2
87 10 3
87 11 4
87 12 4
87 16 4
87 20 4
87 21 3
87 30 1
87 33 6
87 35 2
87 37 7
87 41 7
87 43 2
87 45 6
87 49 1
87 50 5
87 55 1
87 56 3
87 60 1
87 63 8
87 78 7
87 80 3
87 84 2
87 85 7
87 96 7
88 1 4
88 9 6
88 16 7
88 19 3
88 22 5
88 23 5
88 31 4
88 35 5
88 36 1
88 37 8
88 40 6
88 43 4
88 46 1
88 53 5
88 60 2
88 65 5
88 66 1
88 73 4
88 76 8
88 78 1
88 81 1
88 87 4
89 1 5
89 3 6
89 4 5
89 5 3
89 6 9
89 9 4
89 10 2
89 11 7
89 22 6
89 23 2
89 24 5
89 26 6
89 30 8
89 31 9
89 33 1
89 34 2
89 39 5
89 40 7
89 43 8
89 44 3
89 46 2
89 47 1
89 49 6
89 51 2
89 52 4
89 56 7
89 61 4
89 62 8
89 72 6
89 73 3
89 77 5
89 81 9
89 82 8
89 88 5
89 89 5
89 91 3
90 1 1
90 3 3
90 6 1
90 21 4
90 27 7
90 29 2
90 30 1
90 40 8
90 69 5
90 73 9
90 77 6
90 78 3
90 79 3
90 82 9
90 88 1
90 89 3
90 99 7
91 0 3
91 4 8
91 16 4
91 18 4
91 19 4
91 20 1
91 26 7
91 27 7
91 28 3
91 29 7
91 37 3
91 39 6
91 43 9
91 57 3
91 59 4
91 64 3
91 66 6
91 71 2
91 78 7
91 80 6
91 82 3
91 87 5
91 95 4
91 96 3
92 0 9
92 2 7
92 10 2
92 18 4
92 24 2
92 25 3
92 44 8
92 49 7
92 51 8
92 53 2
92 56 7
92 58 6
92 60 3
92 63 3
92 65 1
92 68 1
92 71 3
92 75 2
92 85 5
93 0 8
93 5 4
93 11 4
93 16 9
93 17 9
93 19 2
93 23 2
93 25 9
93 29 6
93 37 4
93 38 3
93 45 3
93 49 6
93 52 4
93 54 5
93 56 2
93 60 6
93 62 2
93 66 4
93 67 8
93 68 2
93 76 2
93 86 8
93 89 3
93 93 9
93 99 6
94 1 2
94 5 8
94 16 4
94 28 4
94 32 1
94 43 9
94 46 7
94 50 2
94 52 4
94 53 3
94 57 5
94 66 2
94 67 1
94 70 4
94 75 6
94 83 5
94 86 5
94 94 2
95 0 6
95 3 2
95 7 3
95 9 6
95 12 5
95 13 9
95 14 8
95 19 6
95 23 2
95 32 7
95 38 1
95 41 9
95 54 8
95 55 7
95 61 7
95 62 2
95 65 3
95 75 3
95 79 5
95 83 6
95 85 4
95 88 3
95 91 2
95 92 7
95 93 2
95 96 7
96 5 9
96 11 3
96 14 4
96 25 1
96 26 5
96 31 3
96 32 9
96 34 5
96 40 9
96 42 7
96 44 6
96 52 3
96 53 8
96 58 2
96 59 6
96 62 3
96 67 3
96 68 6
96 69 8
96 70 6
96 76 7
96 78 7
96 79 7
96 84 4
96 85 7
96 88 3
97 3 3
97 4 5
97 5 9
97 10 5
97 11 1
97 13 9
97 16 3
97 21 3
97 22 5
97 24 3
97 32 3
97 34 6
97 36 6
97 47 2
97 48 7
97 49 6
97 51 5
97 54 1
97 60 4
97 61 3
97 63 7
97 66 8
97 68 8
97 69 8
97 72 2
97 73 2
97 76 1
97 78 3
97 88 6
97 91 2
97 94 1
97 95 5
98 1 1
98 5 1
98 8 7
98 13 3
98 14 3
98 21 1
98 25 4
98 26 1
98 35 6
98 37 3
98 45 5
98 48 6
98 56 8
98 57 7
98 58 5
98 59 8
98 61 8
98 65 8
98 69 4
98 75 2
98 76 4
98 77 1
98 78 1
98 83 2
98 84 5
98 92 1
98 94 3
98 95 1
98 96 7
98 97 6
98 99 3
99 8 6
99 10 8
99 20 5
99 24 9
99 27 4
99 28 4
99 31 1
99 33 4
99 36 8
99 39 8
99 40 4
99 42 4
99 44 1
99 47 3
99 48 7
99 51 3
99 52 4
99 53 5
99 55 3
99 62 5
99 64 3
99 67 9
99 70 7
99 73 5
99 76 7
99 78 3
99 82 9
99 83 6
99 85 3
99 89 6
99 91 2
