200 300
0 11 5
0 15 6
0 25 7
0 28 7
0 31 9
0 43 3
0 56 5
0 73 7
0 82 9
0 86 4
0 95 4
0 100 9
0 116 5
0 128 7
0 131 2
0 132 8
0 142 3
0 145 2
0 157 5
0 160 6
0 162 6
0 171 5
0 181 6
0 188 4
0 200 8
0 205 1
0 208 6
0 231 7
0 247 4
0 291 8
0 299 5
1 23 2
1 29 7
1 32 9
1 39 7
1 66 2
1 67 4
1 70 4
1 75 7
1 79 4
1 101 5
1 111 3
1 113 2
1 122 5
1 131 6
1 143 9
1 149 7
1 152 1
1 158 5
1 165 5
1 170 5
1 177 3
1 182 2
1 185 6
1 193 8
1 199 9
1 201 1
1 203 7
1 205 9
1 206 5
1 207 7
1 208 8
1 223 9
1 244 6
1 267 8
1 284 4
1 292 3
2 12 2
2 14 3
2 26 7
2 27 3
2 29 8
2 90 8
2 92 2
2 96 1
2 108 9
2 110 7
2 137 5
2 144 7
2 177 4
2 181 6
2 192 7
2 200 2
2 210 5
2 233 6
2 238 3
2 244 9
2 255 2
2 269 2
2 270 2
2 292 3
3 3 1
3 12 7
3 29 1
3 32 7
3 90 2
3 112 2
3 130 3
3 136 8
3 144 7
3 148 8
3 153 9
3 155 8
3 163 5
3 164 7
3 169 7
3 189 5
3 209 4
3 229 7
3 233 2
3 234 9
3 237 3
3 248 2
3 256 6
3 268 2
3 269 7
3 275 2
3 277 4
3 280 4
3 298 2
3 299 8
4 22 2
4 31 7
4 41 3
4 51 6
4 76 9
4 77 7
4 78 4
4 92 7
4 97 5
4 100 9
4 111 3
4 113 6
4 120 9
4 123 9
4 125 8
4 127 3
4 134 9
4 137 1
4 145 2
4 146 7
4 169 4
4 180 2
4 189 9
4 194 8
4 205 1
4 212 6
4 231 2
4 246 5
4 250 4
4 266 9
4 269 8
4 281 8
4 288 6
5 6 5
5 14 9
5 28 8
5 34 9
5 39 2
5 41 8
5 42 7
5 43 7
5 44 3
5 46 1
5 59 5
5 72 4
5 98 5
5 126 9
5 129 3
5 140 4
5 145 5
5 161 6
5 164 7
5 166 3
5 194 1
5 208 3
5 210 6
5 214 3
5 217 5
5 228 3
5 230 9
5 234 2
5 235 6
5 238 9
5 242 5
5 256 7
5 268 3
5 276 2
5 286 5
5 290 3
5 292 6
6 2 9
6 8 8
6 66 4
6 79 3
6 88 9
6 91 9
6 93 8
6 103 5
6 127 7
6 128 5
6 130 1
6 147 2
6 156 8
6 165 7
6 197 9
6 204 3
6 211 1
6 232 6
6 237 5
6 240 8
6 243 7
6 269 6
6 286 8
6 297 9
7 10 6
7 20 5
7 38 4
7 45 1
7 51 2
7 66 9
7 67 5
7 79 7
7 80 9
7 85 8
7 93 6
7 101 4
7 105 6
7 106 7
7 111 4
7 112 3
7 116 2
7 117 4
7 120 2
7 135 6
7 137 6
7 151 3
7 162 9
7 185 2
7 199 2
7 204 4
7 205 5
7 220 1
7 223 4
7 230 9
7 232 6
7 256 1
7 259 7
7 262 6
7 265 3
7 267 1
7 284 8
8 13 1
8 28 4
8 48 1
8 49 6
8 50 4
8 54 9
8 56 2
8 60 7
8 66 7
8 74 6
8 85 1
8 96 9
8 105 1
8 112 1
8 129 2
8 135 2
8 140 7
8 151 1
8 167 9
8 170 3
8 175 4
8 176 5
8 192 7
8 195 2
8 196 4
8 219 8
8 220 2
8 221 8
8 229 4
8 232 3
8 235 5
8 244 1
8 263 4
8 271 7
8 278 7
8 281 4
8 285 9
8 297 4
9 23 6
9 38 8
9 39 3
9 55 6
9 68 5
9 80 1
9 84 8
9 100 8
9 105 9
9 109 2
9 111 8
9 112 8
9 125 9
9 128 1
9 131 5
9 132 9
9 154 3
9 178 8
9 182 1
9 187 5
9 210 3
9 234 5
9 246 6
9 257 6
9 261 7
9 288 2
10 82 4
10 84 7
10 93 4
10 95 6
10 100 5
10 113 1
10 126 3
10 134 5
10 137 6
10 141 7
10 153 9
10 154 5
10 168 6
10 179 2
10 180 8
10 199 2
10 202 2
10 207 7
10 216 5
10 233 9
10 237 2
10 253 2
10 256 2
10 275 3
10 288 2
10 289 3
11 5 6
11 10 8
11 25 6
11 46 9
11 87 2
11 89 4
11 94 5
11 103 1
11 150 9
11 156 3
11 167 1
11 169 9
11 176 3
11 182 5
11 185 8
11 192 3
11 200 5
11 206 8
11 221 9
11 222 3
11 226 6
11 255 6
11 258 2
11 268 9
11 285 7
11 292 6
12 12 8
12 25 2
12 30 7
12 44 7
12 51 5
12 68 6
12 94 1
12 96 1
12 105 3
12 109 2
12 127 5
12 131 4
12 150 5
12 157 4
12 182 8
12 183 3
12 199 5
12 200 8
12 201 4
12 211 1
12 217 7
12 228 3
12 236 9
12 239 1
12 243 2
12 258 8
12 272 1
12 290 7
13 0 2
13 5 1
13 8 7
13 18 9
13 19 4
13 32 9
13 56 2
13 61 4
13 66 1
13 97 8
13 106 7
13 136 5
13 160 4
13 172 9
13 173 9
13 185 1
13 199 6
13 203 8
13 220 1
13 231 9
13 247 3
13 253 2
13 281 5
13 291 2
14 2 5
14 4 7
14 8 9
14 11 9
14 16 1
14 43 5
14 50 8
14 53 6
14 64 6
14 74 4
14 92 4
14 98 2
14 110 3
14 116 9
14 119 5
14 123 4
14 125 2
14 130 1
14 133 8
14 142 5
14 160 8
14 165 5
14 172 9
14 179 8
14 184 5
14 187 5
14 199 2
14 200 7
14 211 9
14 212 7
14 217 5
14 224 3
14 228 4
14 248 6
14 256 1
14 263 4
14 269 8
14 274 2
14 275 8
14 276 4
14 293 2
14 294 1
14 298 9
15 6 6
15 10 5
15 37 7
15 50 2
15 63 9
15 64 8
15 76 5
15 79 3
15 103 6
15 110 9
15 123 6
15 126 8
15 130 2
15 140 9
15 147 8
15 148 8
15 154 1
15 159 1
15 170 1
15 188 2
15 200 7
15 209 8
15 213 8
15 228 2
15 229 4
15 240 4
15 247 6
15 252 7
15 266 2
15 286 8
15 295 5
16 4 5
16 9 1
16 14 6
16 27 8
16 55 6
16 62 9
16 110 6
16 117 1
16 149 3
16 151 3
16 172 5
16 178 6
16 182 7
16 193 5
16 198 3
16 200 1
16 229 9
16 231 9
16 248 8
16 258 1
16 267 5
16 297 7
17 28 7
17 29 3
17 35 5
17 37 4
17 45 7
17 56 9
17 59 1
17 61 4
17 63 9
17 77 8
17 110 6
17 117 8
17 126 2
17 152 2
17 154 5
17 165 2
17 172 7
17 176 1
17 179 8
17 194 2
17 206 2
17 213 9
17 221 7
17 230 6
17 247 8
17 260 3
17 265 9
17 266 5
17 273 3
17 286 7
17 289 4
18 17 7
18 47 2
18 52 3
18 54 4
18 67 5
18 101 1
18 107 1
18 156 8
18 161 8
18 175 7
18 176 3
18 193 3
18 205 7
18 219 5
18 227 4
18 230 8
18 251 9
18 254 2
18 259 4
18 272 6
18 283 6
18 286 9
18 298 2
19 1 9
19 6 6
19 10 2
19 12 1
19 17 3
19 19 2
19 21 9
19 27 1
19 28 1
19 37 2
19 53 5
19 61 3
19 68 7
19 78 8
19 82 8
19 93 7
19 105 8
19 112 5
19 113 3
19 114 9
19 115 9
19 127 4
19 141 6
19 150 9
19 154 3
19 158 8
19 159 7
19 165 5
19 170 9
19 202 6
19 222 5
19 233 5
19 250 6
19 266 9
19 271 9
19 272 1
19 275 1
19 283 3
19 293 1
20 0 9
20 4 2
20 16 1
20 18 2
20 29 5
20 44 3
20 49 4
20 53 7
20 68 1
20 75 1
20 99 2
20 104 7
20 117 2
20 130 6
20 133 6
20 136 5
20 140 6
20 154 3
20 193 9
20 209 5
20 211 5
20 216 5
20 229 3
20 251 4
20 256 1
20 264 4
20 275 1
20 285 3
20 299 3
21 1 4
21 12 1
21 59 1
21 61 3
21 62 7
21 63 6
21 71 6
21 97 7
21 103 7
21 104 9
21 106 2
21 108 5
21 109 3
21 112 3
21 116 8
21 126 3
21 129 5
21 133 9
21 138 6
21 147 6
21 151 2
21 152 3
21 153 4
21 164 9
21 165 6
21 169 8
21 189 3
21 191 7
21 220 2
21 239 9
21 245 7
21 264 6
21 273 8
21 274 4
21 277 6
21 283 4
21 289 2
21 291 7
21 292 7
22 17 3
22 19 7
22 34 8
22 35 6
22 39 5
22 60 3
22 69 9
22 73 5
22 85 9
22 94 1
22 101 7
22 126 7
22 132 4
22 139 7
22 148 2
22 161 1
22 174 1
22 177 7
22 180 3
22 186 4
22 187 8
22 194 1
22 226 5
22 238 7
22 252 9
22 256 6
22 258 7
22 265 1
22 267 8
22 271 4
22 276 9
22 277 5
23 23 1
23 25 7
23 31 6
23 84 8
23 86 5
23 88 8
23 91 6
23 153 1
23 159 2
23 160 8
23 165 2
23 167 9
23 173 1
23 181 8
23 182 7
23 201 9
23 206 6
23 217 3
23 222 5
23 238 9
23 246 7
23 249 4
23 258 7
23 260 7
23 262 9
23 276 6
23 282 1
23 296 3
23 297 6
24 7 4
24 8 7
24 26 8
24 31 9
24 36 6
24 38 6
24 40 5
24 66 8
24 67 5
24 71 3
24 78 8
24 85 1
24 88 6
24 94 9
24 97 6
24 99 2
24 146 2
24 156 1
24 169 9
24 182 8
24 210 7
24 211 9
24 241 7
24 243 6
24 247 7
24 256 5
24 268 5
24 269 2
24 297 8
25 2 3
25 5 5
25 19 9
25 24 3
25 33 4
25 39 1
25 41 1
25 45 4
25 46 5
25 50 1
25 63 3
25 71 6
25 100 6
25 103 2
25 105 5
25 107 2
25 118 2
25 125 8
25 151 5
25 153 3
25 164 3
25 173 2
25 180 5
25 191 2
25 196 2
25 202 3
25 206 5
25 209 7
25 217 6
25 231 4
25 235 7
25 239 4
25 241 8
25 243 9
25 252 2
25 263 5
25 269 8
25 274 5
25 276 5
26 0 6
26 10 3
26 14 1
26 16 7
26 23 3
26 30 7
26 32 8
26 44 3
26 69 7
26 71 5
26 76 7
26 81 4
26 83 3
26 86 2
26 98 9
26 110 4
26 111 6
26 128 2
26 129 6
26 145 9
26 152 4
26 156 2
26 168 1
26 178 3
26 200 6
26 211 8
26 230 6
26 232 9
26 239 8
26 242 1
26 249 4
26 254 8
26 274 4
26 283 5
26 298 7
26 299 2
27 6 1
27 9 1
27 10 6
27 18 9
27 22 5
27 29 1
27 30 6
27 42 2
27 45 4
27 51 4
27 67 7
27 85 3
27 100 9
27 110 6
27 112 1
27 119 8
27 125 7
27 145 1
27 163 2
27 186 8
27 188 2
27 218 9
27 219 3
27 267 8
27 276 3
27 278 4
27 287 8
27 289 8
27 296 8
28 0 7
28 3 1
28 27 6
28 46 5
28 57 2
28 62 1
28 64 4
28 75 3
28 82 3
28 83 5
28 97 4
28 110 6
28 126 2
28 129 9
28 140 4
28 144 2
28 147 7
28 149 2
28 155 7
28 157 5
28 178 4
28 243 3
28 255 3
28 273 4
28 278 1
28 288 5
28 292 7
28 299 8
29 6 2
29 26 4
29 38 2
29 40 3
29 46 7
29 51 6
29 60 2
29 78 4
29 85 1
29 92 9
29 94 4
29 105 9
29 106 6
29 112 7
29 114 9
29 115 1
29 123 9
29 134 7
29 138 8
29 140 9
29 158 5
29 162 7
29 177 3
29 190 9
29 193 6
29 197 8
29 199 9
29 206 1
29 214 6
29 234 3
29 237 5
29 240 7
29 241 7
29 282 7
29 290 1
29 291 9
30 8 4
30 9 2
30 26 1
30 30 5
30 37 5
30 52 9
30 54 2
30 66 3
30 76 2
30 84 5
30 88 1
30 89 8
30 99 5
30 106 6
30 115 4
30 121 2
30 122 1
30 123 7
30 136 5
30 137 4
30 144 6
30 156 6
30 176 8
30 184 2
30 189 8
30 207 6
30 225 7
30 227 9
30 228 7
30 236 9
30 239 8
30 251 9
30 259 2
30 269 2
30 276 2
30 290 2
31 8 8
31 25 4
31 28 3
31 39 7
31 42 1
31 46 5
31 47 1
31 63 4
31 71 8
31 73 8
31 121 6
31 123 2
31 128 1
31 131 1
31 134 8
31 142 6
31 159 1
31 168 1
31 185 2
31 187 8
31 188 6
31 192 8
31 208 9
31 229 7
31 233 8
31 237 4
31 245 3
31 270 6
31 271 8
31 279 1
31 284 5
32 3 2
32 21 5
32 41 3
32 42 3
32 43 8
32 44 3
32 49 5
32 59 7
32 80 3
32 90 2
32 96 1
32 106 4
32 109 9
32 110 5
32 124 7
32 132 6
32 138 6
32 145 1
32 159 7
32 164 3
32 167 3
32 178 5
32 179 4
32 194 3
32 197 8
32 199 1
32 201 9
32 205 7
32 207 5
32 211 3
32 216 3
32 223 2
32 225 3
32 232 5
32 238 3
32 243 5
32 252 3
32 259 6
32 263 4
32 267 1
32 286 1
32 292 2
32 296 3
32 297 2
33 0 3
33 11 7
33 20 5
33 29 6
33 55 3
33 64 4
33 71 8
33 76 5
33 78 9
33 79 7
33 80 4
33 82 1
33 83 3
33 92 5
33 96 4
33 99 8
33 100 8
33 101 1
33 104 7
33 129 5
33 133 4
33 175 2
33 181 3
33 186 4
33 195 7
33 210 6
33 215 6
33 217 1
33 219 2
33 230 8
33 245 4
33 260 1
33 266 4
33 284 4
33 285 4
34 2 9
34 17 2
34 36 7
34 37 1
34 69 9
34 105 8
34 114 3
34 116 7
34 143 3
34 146 5
34 150 6
34 164 3
34 173 3
34 183 6
34 188 1
34 194 7
34 207 8
34 211 1
34 227 6
34 239 6
34 252 9
34 262 2
34 268 1
34 283 2
34 299 6
35 0 3
35 14 4
35 20 1
35 29 2
35 35 3
35 82 1
35 92 3
35 94 5
35 97 7
35 100 1
35 103 9
35 108 2
35 109 2
35 111 9
35 112 1
35 113 3
35 124 8
35 131 8
35 143 6
35 168 6
35 171 3
35 175 6
35 197 2
35 198 7
35 207 5
35 209 4
35 218 3
35 234 1
35 235 6
35 251 3
35 267 9
35 282 9
35 295 5
35 298 5
36 22 9
36 26 5
36 27 9
36 35 2
36 42 1
36 45 7
36 46 6
36 50 7
36 65 3
36 67 5
36 80 1
36 117 5
36 130 4
36 136 4
36 152 4
36 155 7
36 167 1
36 169 3
36 170 3
36 172 5
36 178 9
36 181 5
36 196 3
36 198 9
36 216 5
36 240 3
36 249 1
36 254 4
36 255 7
36 268 6
36 272 7
36 279 5
36 286 8
36 294 8
37 22 6
37 25 4
37 42 4
37 43 5
37 62 9
37 84 2
37 93 7
37 95 3
37 100 7
37 105 6
37 106 4
37 114 4
37 123 5
37 125 4
37 138 7
37 169 9
37 182 6
37 198 4
37 199 3
37 200 2
37 225 3
37 226 6
37 236 5
37 244 9
37 252 7
37 261 7
37 263 4
37 269 1
37 278 2
37 299 2
38 1 2
38 15 8
38 18 3
38 20 1
38 21 2
38 38 7
38 50 4
38 58 4
38 61 5
38 62 6
38 69 9
38 78 4
38 86 9
38 91 7
38 108 1
38 113 5
38 122 3
38 127 1
38 130 5
38 142 3
38 147 5
38 150 9
38 154 7
38 171 5
38 174 4
38 182 9
38 190 1
38 239 6
38 259 8
38 269 4
38 275 5
38 287 2
38 294 3
38 295 2
39 3 3
39 5 8
39 10 9
39 12 7
39 14 1
39 19 5
39 23 2
39 33 3
39 47 7
39 51 1
39 59 5
39 74 1
39 75 6
39 80 2
39 108 1
39 110 3
39 127 5
39 134 9
39 159 2
39 188 4
39 190 6
39 196 7
39 200 7
39 206 7
39 220 9
39 224 2
39 228 2
39 231 2
39 236 7
39 241 1
39 245 3
39 248 1
39 273 2
39 282 3
39 286 3
39 288 4
39 296 1
40 1 9
40 2 6
40 16 8
40 39 5
40 41 7
40 46 2
40 83 5
40 86 7
40 105 5
40 107 6
40 108 4
40 112 6
40 144 2
40 146 3
40 160 6
40 164 4
40 182 7
40 202 5
40 245 8
40 249 5
40 256 2
40 273 5
40 282 8
40 287 7
40 289 8
40 293 6
41 15 9
41 17 2
41 19 8
41 28 4
41 36 7
41 47 8
41 57 5
41 60 5
41 65 9
41 78 4
41 79 5
41 104 5
41 106 8
41 114 4
41 124 7
41 131 1
41 132 5
41 147 3
41 151 4
41 152 4
41 163 9
41 169 3
41 173 7
41 179 9
41 197 4
41 212 3
41 228 5
41 239 5
41 241 6
41 242 5
41 248 6
41 250 6
41 267 9
41 271 1
41 279 9
41 283 2
41 286 4
41 288 8
41 297 4
42 0 4
42 1 2
42 21 5
42 23 4
42 42 8
42 52 3
42 59 4
42 63 8
42 71 1
42 85 2
42 101 4
42 106 1
42 109 5
42 111 5
42 112 2
42 140 3
42 141 1
42 147 2
42 157 4
42 165 2
42 171 5
42 178 3
42 185 4
42 187 7
42 193 6
42 197 1
42 203 5
42 204 7
42 207 2
42 208 9
42 225 3
42 227 1
42 230 2
42 231 5
42 232 2
42 234 6
42 254 9
42 281 6
42 283 1
42 288 2
42 291 8
43 1 3
43 7 6
43 10 2
43 18 4
43 22 4
43 26 9
43 33 6
43 43 3
43 47 7
43 53 8
43 63 1
43 73 2
43 88 5
43 152 8
43 162 9
43 175 7
43 178 1
43 183 3
43 187 1
43 192 3
43 193 7
43 228 5
43 231 1
43 235 8
43 248 2
43 253 4
43 258 1
43 268 4
43 276 9
43 293 4
43 294 7
43 296 5
44 3 3
44 12 6
44 47 9
44 52 4
44 58 9
44 62 2
44 71 7
44 93 3
44 112 4
44 118 9
44 123 1
44 142 4
44 143 5
44 148 8
44 159 4
44 160 3
44 163 2
44 165 8
44 185 1
44 188 1
44 214 7
44 224 2
44 228 2
44 229 8
44 230 7
44 232 6
44 244 1
44 246 6
44 265 7
44 267 8
44 268 2
44 275 3
44 279 2
44 297 9
45 16 9
45 25 2
45 26 5
45 36 7
45 50 1
45 66 3
45 80 4
45 84 8
45 103 9
45 106 7
45 118 5
45 124 5
45 131 3
45 139 2
45 155 9
45 160 7
45 161 9
45 167 4
45 174 1
45 177 6
45 178 2
45 181 5
45 195 1
45 204 1
45 212 8
45 222 6
45 228 5
45 234 5
45 235 2
45 237 3
45 252 6
45 268 8
45 281 7
45 287 2
45 289 7
45 297 1
46 6 5
46 9 5
46 13 7
46 17 1
46 20 3
46 31 7
46 36 4
46 53 9
46 58 4
46 62 2
46 71 6
46 75 6
46 94 5
46 105 1
46 112 9
46 124 9
46 144 5
46 175 3
46 197 9
46 211 4
46 238 6
46 246 5
46 250 4
46 251 2
46 256 5
46 259 4
46 272 7
46 295 1
47 2 5
47 10 9
47 14 5
47 19 6
47 29 9
47 30 7
47 46 1
47 68 9
47 70 1
47 77 8
47 81 7
47 88 3
47 91 3
47 94 9
47 97 4
47 109 4
47 112 6
47 138 3
47 145 6
47 153 1
47 160 3
47 164 7
47 198 3
47 199 1
47 200 1
47 201 3
47 221 6
47 223 2
47 234 1
47 241 1
47 249 5
47 262 3
47 269 4
47 275 2
47 276 9
47 284 5
48 0 2
48 10 9
48 18 2
48 28 1
48 43 8
48 63 5
48 79 2
48 85 8
48 87 6
48 113 5
48 115 3
48 140 5
48 147 3
48 149 7
48 157 8
48 183 7
48 199 3
48 209 1
48 211 1
48 234 7
48 240 6
48 253 3
48 259 6
48 261 1
48 274 6
48 276 3
48 281 7
48 285 5
48 289 8
49 3 8
49 12 2
49 21 9
49 22 2
49 23 2
49 27 9
49 34 2
49 45 4
49 49 6
49 78 9
49 80 3
49 87 7
49 93 2
49 96 3
49 129 8
49 134 6
49 139 1
49 161 6
49 171 1
49 189 3
49 192 1
49 193 9
49 226 1
49 237 9
49 238 5
49 249 3
49 251 4
49 253 7
49 260 7
49 268 5
49 296 5
50 20 1
50 28 3
50 32 2
50 33 6
50 40 8
50 47 1
50 50 3
50 53 2
50 69 5
50 74 6
50 77 5
50 81 4
50 90 3
50 94 2
50 104 2
50 108 9
50 112 1
50 140 9
50 143 7
50 149 5
50 166 4
50 168 3
50 182 7
50 183 7
50 186 3
50 193 5
50 198 4
50 200 1
50 204 3
50 206 2
50 223 5
50 225 6
50 238 5
50 246 5
50 254 3
50 256 1
50 265 3
50 272 5
50 281 3
50 285 2
51 0 9
51 3 7
51 9 2
51 15 3
51 19 5
51 23 3
51 26 7
51 27 7
51 35 6
51 79 8
51 85 1
51 88 6
51 107 9
51 110 6
51 117 5
51 131 4
51 159 8
51 163 3
51 164 3
51 165 3
51 176 4
51 180 4
51 183 6
51 193 9
51 201 6
51 210 8
51 223 9
51 236 2
51 237 5
51 249 2
51 250 3
51 282 6
51 283 6
51 284 6
52 1 1
52 17 7
52 18 9
52 39 6
52 42 3
52 45 1
52 47 1
52 49 2
52 60 6
52 71 9
52 78 9
52 94 6
52 109 1
52 121 1
52 140 6
52 145 7
52 168 4
52 175 9
52 187 9
52 204 6
52 218 4
52 238 8
52 240 8
52 246 4
52 253 7
52 260 1
52 262 2
52 271 2
52 276 7
52 285 7
53 10 9
53 18 3
53 30 7
53 32 7
53 56 6
53 62 4
53 63 2
53 72 9
53 76 4
53 103 3
53 109 3
53 128 2
53 130 9
53 133 8
53 147 1
53 149 5
53 156 4
53 193 9
53 202 1
53 212 5
53 216 8
53 217 2
53 224 4
53 225 1
53 228 5
53 232 8
53 248 5
53 261 4
53 284 8
53 295 7
54 3 7
54 7 9
54 8 5
54 13 3
54 22 8
54 40 2
54 43 3
54 52 4
54 56 7
54 65 2
54 78 2
54 95 4
54 96 8
54 159 5
54 161 5
54 170 8
54 172 9
54 181 8
54 195 5
54 196 1
54 197 6
54 209 2
54 214 5
54 217 3
54 226 5
54 228 4
54 230 2
54 231 8
54 239 1
54 259 8
54 282 3
55 4 2
55 25 9
55 27 9
55 36 5
55 39 5
55 42 2
55 45 6
55 64 2
55 92 3
55 115 4
55 127 6
55 134 9
55 150 5
55 155 7
55 157 3
55 167 3
55 179 9
55 188 8
55 193 7
55 196 7
55 198 6
55 201 4
55 206 9
55 208 1
55 213 3
55 220 5
55 221 6
55 225 9
55 237 9
55 239 1
55 252 6
55 267 1
55 269 3
55 270 1
55 276 5
55 282 4
55 297 6
56 18 1
56 20 9
56 23 7
56 26 9
56 28 7
56 45 7
56 57 5
56 64 6
56 71 9
56 86 8
56 87 7
56 108 2
56 143 7
56 144 2
56 149 6
56 151 7
56 156 9
56 161 9
56 169 8
56 174 4
56 184 4
56 185 3
56 189 5
56 198 4
56 211 1
56 215 6
56 216 1
56 221 3
56 222 4
56 225 5
56 227 5
56 241 5
56 243 5
56 263 5
56 292 7
56 293 4
57 3 3
57 5 9
57 8 5
57 9 2
57 11 7
57 21 7
57 36 8
57 40 9
57 42 2
57 43 9
57 58 9
57 68 9
57 79 1
57 99 4
57 102 5
57 112 4
57 116 4
57 133 1
57 145 4
57 151 9
57 157 3
57 170 8
57 171 2
57 172 4
57 208 3
57 228 9
57 229 2
57 246 5
57 252 9
57 259 8
57 261 3
57 269 9
57 270 7
57 280 7
57 281 1
57 299 9
58 4 5
58 20 1
58 21 3
58 37 9
58 38 7
58 51 1
58 54 9
58 56 2
58 61 7
58 67 1
58 86 6
58 93 2
58 98 2
58 112 3
58 116 3
58 121 6
58 139 4
58 141 9
58 144 8
58 164 6
58 186 3
58 196 7
58 203 2
58 213 7
58 224 3
58 228 3
58 232 8
58 238 2
58 249 5
58 253 4
58 254 1
58 266 1
58 267 8
58 283 6
58 284 2
59 4 6
59 7 2
59 10 1
59 27 9
59 34 6
59 36 7
59 56 3
59 64 2
59 79 4
59 84 8
59 89 7
59 101 7
59 102 1
59 117 4
59 122 8
59 135 5
59 158 6
59 166 5
59 205 1
59 247 5
59 270 8
59 275 1
59 276 8
59 280 9
59 281 9
59 286 2
59 287 7
59 292 5
59 297 3
60 3 3
60 21 1
60 36 2
60 37 6
60 41 5
60 52 9
60 54 6
60 55 5
60 56 9
60 58 5
60 65 1
60 72 6
60 81 4
60 94 6
60 112 1
60 120 1
60 147 5
60 153 3
60 156 5
60 170 8
60 197 6
60 201 8
60 207 4
60 230 8
60 246 5
60 247 9
60 249 7
60 251 4
60 258 7
60 264 6
60 284 9
60 296 5
61 18 7
61 24 7
61 31 9
61 37 7
61 40 6
61 46 2
61 62 9
61 84 7
61 86 1
61 87 8
61 90 6
61 100 8
61 101 3
61 107 4
61 112 4
61 133 7
61 149 7
61 154 7
61 179 1
61 200 2
61 212 4
61 213 7
61 219 1
61 238 7
61 242 5
61 256 8
61 263 4
61 266 9
61 270 1
61 277 1
62 10 2
62 20 1
62 64 3
62 69 4
62 77 6
62 87 8
62 89 8
62 94 3
62 110 7
62 129 5
62 130 1
62 132 1
62 137 5
62 141 1
62 150 6
62 155 8
62 171 9
62 188 9
62 195 6
62 212 7
62 225 6
62 227 2
62 287 1
62 297 1
63 7 5
63 23 6
63 30 1
63 35 9
63 52 7
63 54 6
63 66 8
63 89 1
63 101 7
63 105 6
63 106 7
63 127 4
63 133 1
63 142 5
63 156 9
63 158 7
63 175 2
63 176 2
63 177 5
63 200 5
63 218 8
63 219 3
63 225 5
63 249 8
63 254 9
63 256 9
63 261 6
63 264 3
63 270 2
63 277 1
64 12 5
64 17 7
64 21 2
64 24 4
64 26 2
64 27 6
64 31 6
64 52 8
64 55 2
64 95 7
64 99 5
64 109 4
64 123 1
64 130 2
64 135 6
64 140 4
64 142 7
64 146 2
64 150 3
64 152 4
64 159 2
64 178 3
64 194 7
64 199 8
64 208 8
64 213 6
64 226 6
64 231 4
64 242 4
64 244 1
64 248 9
64 252 1
64 260 7
64 282 5
64 283 3
64 292 8
65 1 2
65 12 7
65 20 3
65 25 1
65 35 4
65 36 3
65 38 5
65 40 8
65 45 8
65 46 5
65 50 3
65 51 2
65 94 2
65 95 9
65 97 7
65 112 9
65 128 5
65 140 2
65 156 2
65 163 9
65 164 8
65 172 6
65 173 2
65 185 5
65 220 3
65 227 9
65 234 5
65 249 7
65 257 9
65 270 7
65 296 8
65 299 9
66 2 4
66 7 7
66 19 8
66 35 7
66 52 2
66 58 5
66 92 8
66 96 6
66 97 2
66 158 7
66 163 1
66 164 1
66 175 2
66 177 5
66 206 7
66 216 1
66 226 5
66 232 5
66 236 2
66 249 9
66 251 5
66 253 9
66 256 8
66 259 1
66 277 6
66 280 2
66 283 8
66 290 3
67 6 8
67 21 3
67 37 2
67 39 9
67 42 7
67 46 9
67 54 8
67 62 2
67 90 6
67 91 9
67 103 9
67 128 6
67 133 4
67 134 3
67 141 1
67 163 4
67 165 4
67 186 7
67 188 1
67 190 6
67 222 9
67 240 4
67 255 2
67 270 3
67 273 1
67 275 4
67 276 3
67 286 4
67 295 3
68 6 2
68 9 1
68 11 2
68 25 2
68 32 5
68 36 1
68 54 6
68 61 3
68 62 1
68 76 5
68 80 4
68 121 7
68 126 4
68 140 3
68 148 1
68 150 3
68 166 8
68 169 9
68 180 3
68 182 8
68 196 3
68 200 7
68 205 3
68 223 1
68 225 7
68 226 3
68 247 5
68 249 7
68 250 5
68 255 3
68 263 4
68 267 1
68 274 2
68 280 1
68 292 5
68 299 4
69 4 9
69 6 7
69 12 5
69 48 4
69 56 9
69 61 6
69 67 9
69 95 6
69 99 2
69 104 6
69 132 4
69 150 3
69 157 7
69 178 2
69 215 3
69 223 6
69 233 3
69 234 4
69 236 9
69 242 9
69 247 4
69 254 3
69 274 7
69 283 6
70 0 4
70 2 5
70 14 4
70 16 9
70 19 5
70 30 8
70 49 2
70 59 1
70 60 6
70 64 7
70 65 6
70 70 4
70 72 7
70 97 9
70 108 5
70 113 5
70 124 2
70 131 8
70 139 7
70 151 5
70 155 7
70 168 5
70 172 7
70 196 3
70 199 1
70 206 6
70 219 7
70 238 4
70 243 7
70 261 3
70 270 8
70 271 5
70 275 2
70 281 3
70 284 9
70 285 8
70 291 1
71 1 1
71 3 9
71 6 6
71 7 2
71 18 9
71 27 1
71 29 7
71 33 8
71 35 5
71 42 8
71 48 2
71 54 8
71 58 3
71 61 1
71 79 1
71 80 8
71 83 6
71 86 2
71 88 5
71 98 5
71 100 4
71 106 3
71 115 5
71 140 5
71 143 7
71 144 6
71 164 9
71 168 6
71 177 9
71 179 8
71 181 2
71 191 2
71 199 1
71 208 5
71 216 1
71 220 4
71 226 1
71 230 6
71 240 2
71 246 6
71 247 6
71 254 5
71 260 9
71 271 3
71 277 9
71 297 5
72 10 8
72 21 1
72 23 6
72 31 7
72 44 1
72 63 7
72 65 1
72 84 5
72 92 7
72 97 5
72 98 2
72 104 7
72 107 8
72 116 5
72 130 6
72 167 2
72 181 9
72 192 1
72 213 3
72 216 4
72 219 4
72 225 9
72 226 2
72 241 2
72 243 3
72 261 4
72 271 4
72 275 3
72 276 7
72 282 5
72 283 7
73 3 1
73 9 5
73 22 2
73 23 5
73 29 3
73 33 5
73 39 7
73 47 5
73 54 1
73 66 4
73 70 7
73 79 4
73 91 7
73 94 8
73 100 2
73 102 2
73 103 1
73 112 1
73 124 4
73 137 3
73 146 1
73 164 2
73 199 9
73 204 6
73 218 5
73 236 3
73 239 2
73 251 2
73 258 3
73 268 2
73 278 7
73 283 3
74 10 1
74 59 2
74 61 5
74 65 2
74 66 6
74 68 9
74 80 5
74 84 5
74 85 7
74 93 3
74 102 1
74 107 1
74 111 9
74 118 2
74 125 7
74 128 4
74 130 1
74 137 3
74 142 7
74 145 6
74 148 4
74 155 9
74 179 4
74 180 3
74 181 3
74 193 3
74 209 7
74 216 1
74 222 6
74 228 1
74 229 6
74 233 9
74 240 4
74 245 5
74 258 2
74 282 8
74 283 3
74 289 4
75 40 1
75 49 5
75 51 4
75 66 3
75 75 6
75 85 4
75 101 7
75 113 9
75 121 8
75 124 2
75 132 7
75 143 6
75 160 3
75 161 3
75 184 4
75 196 6
75 217 6
75 220 7
75 240 4
75 263 2
75 284 1
75 299 5
76 0 2
76 1 8
76 5 2
76 10 6
76 31 9
76 42 5
76 47 3
76 77 1
76 100 5
76 119 2
76 132 5
76 143 6
76 146 8
76 155 7
76 161 4
76 176 6
76 185 5
76 201 7
76 212 9
76 213 5
76 235 9
76 256 5
76 282 4
76 290 6
76 295 5
76 297 2
77 12 8
77 15 2
77 18 2
77 25 7
77 30 8
77 31 8
77 38 3
77 42 7
77 46 9
77 53 8
77 58 9
77 106 3
77 110 1
77 127 9
77 129 9
77 135 2
77 141 2
77 147 9
77 154 7
77 157 9
77 159 4
77 162 2
77 180 4
77 192 9
77 206 7
77 211 5
77 212 5
77 217 8
77 218 6
77 220 4
77 232 3
77 235 2
77 259 7
77 282 9
77 284 1
77 289 8
77 292 9
78 5 5
78 16 7
78 28 7
78 29 9
78 41 6
78 42 7
78 62 1
78 67 8
78 73 3
78 139 6
78 153 1
78 180 4
78 181 9
78 195 5
78 196 9
78 199 6
78 211 5
78 215 8
78 235 1
78 238 8
78 246 7
78 250 4
78 253 3
78 254 1
78 261 7
78 264 8
78 267 4
78 278 1
78 281 1
78 292 5
78 293 1
78 297 4
78 298 1
79 0 6
79 28 4
79 36 4
79 38 8
79 40 8
79 52 3
79 54 3
79 61 2
79 63 1
79 64 2
79 68 9
79 77 2
79 108 9
79 113 9
79 126 2
79 132 2
79 140 9
79 142 9
79 178 4
79 186 4
79 204 1
79 207 2
79 210 4
79 212 8
79 216 9
79 217 5
79 225 8
79 237 8
79 249 8
79 252 6
79 254 9
79 255 2
79 270 9
79 281 8
79 283 5
79 285 8
79 287 6
79 295 6
80 1 6
80 5 1
80 6 2
80 32 8
80 36 1
80 53 4
80 72 9
80 73 9
80 83 1
80 85 3
80 99 4
80 113 9
80 130 9
80 131 2
80 132 3
80 136 1
80 139 3
80 153 7
80 155 4
80 170 1
80 200 3
80 210 6
80 230 2
80 246 8
80 250 2
80 280 5
81 11 8
81 12 4
81 29 2
81 45 8
81 48 6
81 61 7
81 62 3
81 66 7
81 67 2
81 68 4
81 78 2
81 85 6
81 88 4
81 97 7
81 98 5
81 106 2
81 118 1
81 129 2
81 135 4
81 138 9
81 147 7
81 153 5
81 166 7
81 167 3
81 176 9
81 188 1
81 189 6
81 195 8
81 196 8
81 203 7
81 213 6
81 215 1
81 217 2
81 220 8
81 221 6
81 223 8
81 273 7
81 281 5
82 24 4
82 27 7
82 31 8
82 34 6
82 49 9
82 59 4
82 63 2
82 99 6
82 107 8
82 120 4
82 124 3
82 139 6
82 141 4
82 154 3
82 159 4
82 160 7
82 161 7
82 177 9
82 180 9
82 182 1
82 195 1
82 203 2
82 204 2
82 215 1
82 217 2
82 220 4
82 222 7
82 224 4
82 229 4
82 237 8
82 241 3
82 245 5
82 250 3
82 267 4
82 274 7
83 19 3
83 20 8
83 21 9
83 39 9
83 42 1
83 64 8
83 84 3
83 92 8
83 100 6
83 110 9
83 147 8
83 160 8
83 181 8
83 195 8
83 205 8
83 210 1
83 213 8
83 214 6
83 225 4
83 227 6
83 244 5
83 258 5
83 275 6
84 4 5
84 29 6
84 64 3
84 73 6
84 85 9
84 110 5
84 117 3
84 138 7
84 145 3
84 149 8
84 157 7
84 164 4
84 169 9
84 174 8
84 177 1
84 191 2
84 193 8
84 196 7
84 219 9
84 227 6
84 232 9
84 234 1
84 246 9
84 257 6
84 265 4
84 275 7
84 293 5
84 297 6
85 5 8
85 10 1
85 12 6
85 28 6
85 79 3
85 86 4
85 107 3
85 111 2
85 124 2
85 125 1
85 128 1
85 136 2
85 156 9
85 158 7
85 229 6
85 247 7
85 268 1
85 274 1
85 275 2
85 279 7
85 281 9
86 1 3
86 16 9
86 21 4
86 58 8
86 60 5
86 85 3
86 89 8
86 93 2
86 105 8
86 109 2
86 125 7
86 129 3
86 137 9
86 138 3
86 142 8
86 150 8
86 167 9
86 189 6
86 194 3
86 196 1
86 207 7
86 209 4
86 221 2
86 233 4
86 235 6
86 246 4
86 261 5
86 281 5
87 7 7
87 10 2
87 20 7
87 38 4
87 42 4
87 61 7
87 72 8
87 94 1
87 102 6
87 106 9
87 120 9
87 133 8
87 155 6
87 164 7
87 166 3
87 167 6
87 178 4
87 188 7
87 196 4
87 197 9
87 217 5
87 221 9
87 225 6
87 234 9
87 263 8
87 278 3
87 282 4
87 283 6
87 286 2
87 297 8
88 6 7
88 25 9
88 28 6
88 39 7
88 49 5
88 66 7
88 81 6
88 84 9
88 86 5
88 104 2
88 124 3
88 130 8
88 151 6
88 165 4
88 169 3
88 184 1
88 188 7
88 204 3
88 207 4
88 210 2
88 218 7
88 222 9
88 226 7
88 233 1
88 237 7
88 250 8
88 251 5
88 256 5
88 261 5
88 265 6
88 267 9
88 284 4
88 286 5
88 290 4
89 5 5
89 7 9
89 9 5
89 25 8
89 27 9
89 45 8
89 48 8
89 53 6
89 82 3
89 92 9
89 94 2
89 95 3
89 104 1
89 105 5
89 126 9
89 161 8
89 177 5
89 185 7
89 186 5
89 219 1
89 230 9
89 232 3
89 243 2
89 283 2
89 284 6
89 292 3
90 0 8
90 3 4
90 6 4
90 18 4
90 26 1
90 39 8
90 50 6
90 53 1
90 55 5
90 70 8
90 78 7
90 92 2
90 95 2
90 98 7
90 104 8
90 107 6
90 133 3
90 137 5
90 145 8
90 166 8
90 170 1
90 172 9
90 179 3
90 202 8
90 210 1
90 243 7
90 245 3
90 252 1
90 267 4
90 271 7
90 274 7
91 5 8
91 13 2
91 17 2
91 24 3
91 25 1
91 29 5
91 35 4
91 40 4
91 60 6
91 65 8
91 74 1
91 79 1
91 85 8
91 89 3
91 94 4
91 100 3
91 120 8
91 138 5
91 147 5
91 151 9
91 154 9
91 156 4
91 160 8
91 163 9
91 171 8
91 193 2
91 207 8
91 209 9
91 228 6
91 233 3
91 241 9
91 251 6
91 264 1
91 269 4
91 280 3
91 281 3
91 287 3
91 295 9
92 2 5
92 22 7
92 41 9
92 57 2
92 68 6
92 75 8
92 81 8
92 84 8
92 95 1
92 96 9
92 98 1
92 99 9
92 103 8
92 104 6
92 119 5
92 125 6
92 143 7
92 148 4
92 192 3
92 197 7
92 203 4
92 217 3
92 227 3
92 235 9
92 242 5
92 254 9
92 267 5
92 269 2
92 271 2
92 272 9
92 277 2
93 2 9
93 4 5
93 5 3
93 11 3
93 16 2
93 37 5
93 43 8
93 46 2
93 53 8
93 55 3
93 77 8
93 91 4
93 94 9
93 99 4
93 114 6
93 134 7
93 154 3
93 161 9
93 166 1
93 172 3
93 178 7
93 183 6
93 195 7
93 203 9
93 208 6
93 211 1
93 228 1
93 233 8
93 242 2
93 251 1
93 257 5
93 263 2
93 265 7
93 271 2
93 287 4
93 292 2
93 294 9
94 6 8
94 16 1
94 17 5
94 19 3
94 24 4
94 26 4
94 34 9
94 40 6
94 55 7
94 74 2
94 81 7
94 100 9
94 119 9
94 121 9
94 126 1
94 144 8
94 205 3
94 213 3
94 221 8
94 222 1
94 231 7
94 237 2
94 246 5
94 265 7
94 270 9
94 273 7
94 276 2
94 288 4
94 294 4
94 297 1
95 22 9
95 24 9
95 70 7
95 71 3
95 73 4
95 74 1
95 75 6
95 105 7
95 115 3
95 116 1
95 119 1
95 122 8
95 130 8
95 136 3
95 140 8
95 143 5
95 149 4
95 177 6
95 199 9
95 220 7
95 225 3
95 226 1
95 231 4
95 245 4
95 253 9
95 259 9
95 261 7
95 283 9
95 287 9
95 292 2
96 13 9
96 19 4
96 21 8
96 24 5
96 25 9
96 26 7
96 39 1
96 41 4
96 91 2
96 99 5
96 110 4
96 122 4
96 137 7
96 147 7
96 161 7
96 171 6
96 176 8
96 190 2
96 200 5
96 219 7
96 233 3
96 244 9
96 245 9
96 256 7
96 265 1
96 266 4
96 271 2
96 299 1
97 7 2
97 16 2
97 19 8
97 24 8
97 29 3
97 38 7
97 73 7
97 82 9
97 85 4
97 102 1
97 122 9
97 127 2
97 139 6
97 181 8
97 184 3
97 188 7
97 194 2
97 202 4
97 211 6
97 253 9
97 265 2
97 272 9
97 282 7
97 288 5
98 13 1
98 45 9
98 49 9
98 56 1
98 62 9
98 65 2
98 92 5
98 96 4
98 111 7
98 122 1
98 148 3
98 155 2
98 175 7
98 196 6
98 201 4
98 208 8
98 217 4
98 220 6
98 223 1
98 224 8
98 227 7
98 263 5
98 269 6
98 281 5
98 294 2
99 3 8
99 4 7
99 15 7
99 23 7
99 33 2
99 38 5
99 47 7
99 48 6
99 81 4
99 87 8
99 90 9
99 93 9
99 118 7
99 121 8
99 123 2
99 126 3
99 129 6
99 151 7
99 163 3
99 186 5
99 212 5
99 240 6
99 249 8
99 256 6
99 262 3
99 284 7
99 291 2
100 36 5
100 44 4
100 48 2
100 58 7
100 59 8
100 72 3
100 79 5
100 81 1
100 90 3
100 100 8
100 112 2
100 116 2
100 123 9
100 125 7
100 131 8
100 152 2
100 155 3
100 156 5
100 157 9
100 159 9
100 164 7
100 166 7
100 199 1
100 201 5
100 211 3
100 213 3
100 217 9
100 223 8
100 241 1
100 244 3
100 254 8
100 257 2
100 264 5
100 267 9
100 269 7
100 271 6
100 280 6
100 293 9
100 299 1
101 2 4
101 17 7
101 21 4
101 33 8
101 45 3
101 46 4
101 52 7
101 57 6
101 66 6
101 95 1
101 103 3
101 108 4
101 111 3
101 115 2
101 132 9
101 141 6
101 147 2
101 152 5
101 162 6
101 178 4
101 201 3
101 205 7
101 208 6
101 213 4
101 214 1
101 217 7
101 218 5
101 221 8
101 230 9
101 261 4
101 264 6
101 279 4
101 287 5
101 295 2
101 299 5
102 8 4
102 13 1
102 17 1
102 53 5
102 55 7
102 57 4
102 60 2
102 64 7
102 83 1
102 100 6
102 111 1
102 123 5
102 126 9
102 147 3
102 150 8
102 167 8
102 181 2
102 190 7
102 197 1
102 207 6
102 208 4
102 233 6
102 247 6
102 255 1
102 259 1
102 280 4
103 17 5
103 29 5
103 33 7
103 38 8
103 56 4
103 60 2
103 69 4
103 71 8
103 73 1
103 80 7
103 84 6
103 87 6
103 101 6
103 111 4
103 112 9
103 124 6
103 125 2
103 137 8
103 142 9
103 168 1
103 187 2
103 188 5
103 204 5
103 219 1
103 237 9
103 253 6
103 263 4
103 271 4
103 272 6
103 281 2
104 0 8
104 5 7
104 8 4
104 16 3
104 19 6
104 43 4
104 45 7
104 58 3
104 76 6
104 79 7
104 112 1
104 123 3
104 129 7
104 131 4
104 143 9
104 150 6
104 152 2
104 181 2
104 185 6
104 220 1
104 245 2
104 248 8
104 254 3
104 264 3
104 266 5
104 278 8
104 283 1
104 288 4
104 298 3
105 2 9
105 15 7
105 20 8
105 21 9
105 28 4
105 32 5
105 34 1
105 35 4
105 41 1
105 68 6
105 71 6
105 78 6
105 99 7
105 100 4
105 110 2
105 137 3
105 154 8
105 169 4
105 173 9
105 188 1
105 198 9
105 200 1
105 203 2
105 232 8
105 238 1
105 241 7
105 245 3
105 261 8
105 265 1
105 281 6
106 19 6
106 46 5
106 47 8
106 77 5
106 86 3
106 87 1
106 88 7
106 90 6
106 96 4
106 97 2
106 99 1
106 119 5
106 122 8
106 134 7
106 136 7
106 137 4
106 141 7
106 153 8
106 155 7
106 156 3
106 167 8
106 175 4
106 182 9
106 185 3
106 195 6
106 218 7
106 225 9
106 238 9
106 242 2
106 247 8
106 250 2
106 255 8
106 257 4
106 263 7
106 270 7
106 291 9
106 296 7
106 297 1
107 9 7
107 21 5
107 31 8
107 34 8
107 42 8
107 50 7
107 51 6
107 67 3
107 69 1
107 73 3
107 74 4
107 83 6
107 102 8
107 108 2
107 109 6
107 124 3
107 136 5
107 145 2
107 162 3
107 180 5
107 187 4
107 199 6
107 208 1
107 215 6
107 217 1
107 233 5
107 240 9
107 246 3
107 266 3
107 268 5
107 275 9
107 297 2
108 7 8
108 11 8
108 18 4
108 31 7
108 39 8
108 45 8
108 61 5
108 72 9
108 77 7
108 93 5
108 96 2
108 110 4
108 133 3
108 146 4
108 147 5
108 152 7
108 160 9
108 165 8
108 168 3
108 174 2
108 186 9
108 189 9
108 192 8
108 194 1
108 199 6
108 205 7
108 226 5
108 231 9
108 248 5
108 250 3
108 254 3
108 282 2
108 294 3
109 18 9
109 29 9
109 33 8
109 43 5
109 72 2
109 100 7
109 101 3
109 114 2
109 119 2
109 121 9
109 129 5
109 135 6
109 160 2
109 171 9
109 192 3
109 198 6
109 200 5
109 207 3
109 209 9
109 212 7
109 230 6
109 238 6
109 248 7
109 258 5
109 262 7
109 263 1
109 264 3
109 269 8
109 271 8
110 1 2
110 38 9
110 49 1
110 51 9
110 86 2
110 138 4
110 152 4
110 160 8
110 168 9
110 176 9
110 183 4
110 198 4
110 203 7
110 216 7
110 239 1
110 243 4
110 247 2
110 260 3
110 284 3
110 292 1
111 3 4
111 38 2
111 43 7
111 49 9
111 51 6
111 60 2
111 62 6
111 69 6
111 75 1
111 88 6
111 99 4
111 112 2
111 114 5
111 115 1
111 117 4
111 134 5
111 143 3
111 152 4
111 159 6
111 173 6
111 179 1
111 182 9
111 190 7
111 201 3
111 224 6
111 233 5
111 240 3
111 241 5
111 270 5
111 273 3
111 274 1
111 290 8
111 291 6
112 7 9
112 12 5
112 14 2
112 22 8
112 28 3
112 32 8
112 42 2
112 63 1
112 77 7
112 86 5
112 109 3
112 112 1
112 115 4
112 116 8
112 144 3
112 162 5
112 197 7
112 216 3
112 222 8
112 223 9
112 227 4
112 228 9
112 231 2
112 240 6
112 266 1
112 281 9
113 9 3
113 27 2
113 43 6
113 45 6
113 46 8
113 52 9
113 66 4
113 76 2
113 88 1
113 100 8
113 109 7
113 117 8
113 129 8
113 137 5
113 140 5
113 165 2
113 194 4
113 197 7
113 198 4
113 217 1
113 221 5
113 243 5
113 245 6
113 275 5
113 291 1
113 295 1
114 0 8
114 12 1
114 16 5
114 17 8
114 25 7
114 44 5
114 56 1
114 63 1
114 69 7
114 78 8
114 84 2
114 89 4
114 94 4
114 102 4
114 129 8
114 133 6
114 148 8
114 159 4
114 164 2
114 187 8
114 206 3
114 217 7
114 223 7
114 228 1
114 232 1
114 235 5
114 241 9
114 245 6
114 248 6
114 256 3
114 263 9
114 273 2
114 279 4
114 294 2
115 23 8
115 38 3
115 58 8
115 60 2
115 68 3
115 75 8
115 78 5
115 80 7
115 83 7
115 85 8
115 108 5
115 114 2
115 116 8
115 125 2
115 143 9
115 150 8
115 173 5
115 223 3
115 232 8
115 243 1
115 256 1
115 288 3
116 3 8
116 7 6
116 43 4
116 83 2
116 96 7
116 98 1
116 105 1
116 118 5
116 130 6
116 136 7
116 158 6
116 181 7
116 184 2
116 197 8
116 222 9
116 226 8
116 234 4
116 236 1
116 237 2
116 240 4
116 266 2
116 267 7
116 270 2
116 278 2
116 292 2
116 298 6
117 21 2
117 37 1
117 65 8
117 71 4
117 98 3
117 99 1
117 104 7
117 111 6
117 112 7
117 116 3
117 131 1
117 140 1
117 186 2
117 191 1
117 192 6
117 206 9
117 214 9
117 222 1
117 229 1
117 236 3
117 267 3
117 268 2
117 274 2
118 15 8
118 29 6
118 45 4
118 48 3
118 57 5
118 69 5
118 104 8
118 106 2
118 111 4
118 117 8
118 133 7
118 134 8
118 146 7
118 156 2
118 161 6
118 162 7
118 165 9
118 204 1
118 211 2
118 212 5
118 213 6
118 235 5
118 252 7
118 262 1
118 266 1
118 273 3
118 280 6
118 283 9
118 285 3
118 286 2
118 292 4
118 295 9
119 5 8
119 16 4
119 18 9
119 22 6
119 23 6
119 44 6
119 47 4
119 53 5
119 56 4
119 61 6
119 77 7
119 81 3
119 122 1
119 129 5
119 140 7
119 141 5
119 146 2
119 159 9
119 162 5
119 164 3
119 166 2
119 199 8
119 217 7
119 229 5
119 232 7
119 236 1
119 244 5
119 247 8
119 253 7
119 273 8
119 279 5
119 292 5
119 294 9
119 296 8
120 4 7
120 6 7
120 9 9
120 14 6
120 17 5
120 26 1
120 43 2
120 52 7
120 80 6
120 99 3
120 107 4
120 114 8
120 135 1
120 138 2
120 158 9
120 161 3
120 176 4
120 182 9
120 195 2
120 244 3
120 252 8
120 274 1
120 284 7
120 288 3
120 291 3
120 292 6
121 5 3
121 7 7
121 9 7
121 18 2
121 36 9
121 47 8
121 49 9
121 62 1
121 74 2
121 81 1
121 94 9
121 97 5
121 107 6
121 108 8
121 112 9
121 141 1
121 153 4
121 160 9
121 171 2
121 177 5
121 180 5
121 181 9
121 194 3
121 205 9
121 207 5
121 211 7
121 217 6
121 221 4
121 257 4
121 258 6
121 268 5
121 278 9
122 11 6
122 12 4
122 17 2
122 26 5
122 34 8
122 35 4
122 38 9
122 52 9
122 73 6
122 74 6
122 75 7
122 89 2
122 95 1
122 104 1
122 110 9
122 126 7
122 129 5
122 133 1
122 134 5
122 148 5
122 172 5
122 174 8
122 184 6
122 198 8
122 199 6
122 207 4
122 218 3
122 233 6
122 242 3
122 244 5
122 288 8
122 293 2
123 5 5
123 13 3
123 14 7
123 18 3
123 23 5
123 29 5
123 50 4
123 52 6
123 56 8
123 61 1
123 78 3
123 85 2
123 90 6
123 102 2
123 108 1
123 119 7
123 124 7
123 127 2
123 151 4
123 170 4
123 177 1
123 188 7
123 198 5
123 201 7
123 209 8
123 238 8
123 246 2
123 254 2
123 265 8
123 273 7
123 278 2
123 281 9
124 0 6
124 5 3
124 6 2
124 10 2
124 26 2
124 28 5
124 52 2
124 66 4
124 80 6
124 83 4
124 92 5
124 105 4
124 111 9
124 129 5
124 150 2
124 160 7
124 162 3
124 167 2
124 176 4
124 187 2
124 194 3
124 205 9
124 207 1
124 214 5
124 226 1
124 252 1
124 260 4
125 4 7
125 7 7
125 22 6
125 31 9
125 46 2
125 60 4
125 67 9
125 81 5
125 89 3
125 92 1
125 100 9
125 109 7
125 110 2
125 122 2
125 123 9
125 127 9
125 128 7
125 130 5
125 132 5
125 159 5
125 160 2
125 168 6
125 192 7
125 213 7
125 227 7
125 228 7
125 230 3
125 236 9
125 277 1
126 3 4
126 22 9
126 23 2
126 34 2
126 50 7
126 53 6
126 63 7
126 81 6
126 92 9
126 94 6
126 95 7
126 105 5
126 129 7
126 134 9
126 136 9
126 148 6
126 150 7
126 169 4
126 174 2
126 177 6
126 190 2
126 192 6
126 220 7
126 229 4
126 240 3
126 255 7
126 256 6
126 285 6
126 293 2
127 18 4
127 46 9
127 59 3
127 68 8
127 73 9
127 74 2
127 82 6
127 93 7
127 98 8
127 106 2
127 110 1
127 138 5
127 144 9
127 155 5
127 177 7
127 195 9
127 199 7
127 206 6
127 207 3
127 231 1
127 268 3
127 270 8
128 7 8
128 12 6
128 13 3
128 17 7
128 25 1
128 31 3
128 34 2
128 39 5
128 41 8
128 80 8
128 82 2
128 85 1
128 145 1
128 171 8
128 174 8
128 211 2
128 219 3
128 223 8
128 226 4
128 229 7
128 239 4
128 247 7
128 248 1
128 257 5
128 258 9
128 274 4
128 277 9
129 3 8
129 5 3
129 8 6
129 18 3
129 22 5
129 44 4
129 51 2
129 53 5
129 58 9
129 73 6
129 77 2
129 79 3
129 80 9
129 83 2
129 96 7
129 100 2
129 106 9
129 110 6
129 114 9
129 116 5
129 120 2
129 128 5
129 131 9
129 133 2
129 138 2
129 144 7
129 154 2
129 188 8
129 189 8
129 205 2
129 211 3
129 215 3
129 217 5
129 230 2
129 231 3
129 239 9
129 245 4
129 246 3
129 267 2
129 280 5
129 285 2
130 11 5
130 13 6
130 16 3
130 27 5
130 36 3
130 44 4
130 46 6
130 52 9
130 54 3
130 59 3
130 86 1
130 103 8
130 120 1
130 149 6
130 156 8
130 167 4
130 198 5
130 211 3
130 214 6
130 225 7
130 244 6
130 267 5
130 270 4
130 291 1
130 292 6
131 2 4
131 16 1
131 36 9
131 49 6
131 54 5
131 56 6
131 67 4
131 81 8
131 83 5
131 94 3
131 96 1
131 106 6
131 111 4
131 115 3
131 117 5
131 140 1
131 141 7
131 144 5
131 157 9
131 167 1
131 179 7
131 185 3
131 190 9
131 205 7
131 210 9
131 227 6
131 237 6
131 238 8
131 239 7
131 249 4
131 265 5
131 271 3
131 273 7
132 7 4
132 31 4
132 39 7
132 47 8
132 49 7
132 50 4
132 58 8
132 67 3
132 88 4
132 93 5
132 101 7
132 106 8
132 120 4
132 144 4
132 154 6
132 163 6
132 176 9
132 180 8
132 211 8
132 213 7
132 214 2
132 215 6
132 231 4
132 246 9
132 255 4
132 263 6
132 266 2
132 267 2
132 285 9
133 6 2
133 13 4
133 24 9
133 25 4
133 42 5
133 54 7
133 60 1
133 71 4
133 77 9
133 83 8
133 84 4
133 95 2
133 121 5
133 125 9
133 147 1
133 149 3
133 151 8
133 157 9
133 168 6
133 169 5
133 198 8
133 235 5
133 244 3
133 275 6
133 277 7
133 280 8
133 284 5
133 292 5
133 296 9
134 0 2
134 3 5
134 8 5
134 41 7
134 52 1
134 61 6
134 68 6
134 80 9
134 81 8
134 88 7
134 92 8
134 94 2
134 105 7
134 106 1
134 111 1
134 114 6
134 115 5
134 137 7
134 149 4
134 150 1
134 152 2
134 157 1
134 161 6
134 168 6
134 173 2
134 210 6
134 219 7
134 233 1
134 253 9
134 260 6
134 268 1
134 274 8
134 275 6
134 290 9
134 296 6
134 297 7
135 4 5
135 5 4
135 11 9
135 26 6
135 30 7
135 54 4
135 63 5
135 86 3
135 89 7
135 95 9
135 97 2
135 100 9
135 103 5
135 120 7
135 135 5
135 164 9
135 171 4
135 172 7
135 190 3
135 247 2
135 252 8
135 258 8
135 268 8
135 289 9
135 296 6
136 6 4
136 10 7
136 25 2
136 26 7
136 35 5
136 42 6
136 56 9
136 87 6
136 96 6
136 100 9
136 106 5
136 107 5
136 114 4
136 122 3
136 134 5
136 162 9
136 166 2
136 185 8
136 207 3
136 221 5
136 226 7
136 236 4
136 238 9
136 256 5
136 257 4
136 263 6
136 271 4
136 282 7
136 284 4
136 285 8
136 293 2
137 12 4
137 15 3
137 34 5
137 38 3
137 58 9
137 96 1
137 100 9
137 121 1
137 126 2
137 132 9
137 134 6
137 142 6
137 150 2
137 162 5
137 164 7
137 166 6
137 168 4
137 172 9
137 173 6
137 174 6
137 181 7
137 188 4
137 204 2
137 216 9
137 217 7
137 219 8
137 226 1
137 231 8
137 233 4
137 259 7
137 262 3
137 264 3
137 271 9
137 273 5
137 287 6
137 291 8
137 294 9
138 2 1
138 10 4
138 29 6
138 30 5
138 40 5
138 51 2
138 53 3
138 65 2
138 70 1
138 82 8
138 116 3
138 125 4
138 126 7
138 145 9
138 150 8
138 155 6
138 160 1
138 174 9
138 181 6
138 191 6
138 202 5
138 203 2
138 243 5
138 275 9
138 276 4
138 293 2
139 34 6
139 41 4
139 64 7
139 74 7
139 76 7
139 98 3
139 99 4
139 100 6
139 103 5
139 109 1
139 115 2
139 137 5
139 149 3
139 167 1
139 168 8
139 181 4
139 182 9
139 205 9
139 209 5
139 216 2
139 218 4
139 220 4
139 225 1
139 233 5
139 243 9
139 270 3
139 272 2
139 279 1
139 284 3
139 293 8
140 4 2
140 10 7
140 13 2
140 24 1
140 27 8
140 36 2
140 43 7
140 44 1
140 59 8
140 62 5
140 63 8
140 66 1
140 83 9
140 96 1
140 102 5
140 103 2
140 104 6
140 110 1
140 114 2
140 124 3
140 134 6
140 160 4
140 179 6
140 193 8
140 199 4
140 200 5
140 201 5
140 221 5
140 223 7
140 233 8
140 236 1
140 239 7
140 242 6
140 243 5
140 273 4
140 283 5
140 288 9
141 18 4
141 37 1
141 52 8
141 57 6
141 64 6
141 65 8
141 69 9
141 104 7
141 111 6
141 154 3
141 163 1
141 166 1
141 169 7
141 173 7
141 195 9
141 205 3
141 220 5
141 226 4
141 231 4
141 235 3
141 237 7
141 238 4
141 247 9
141 260 7
141 268 6
141 281 8
141 295 7
142 11 9
142 12 6
142 20 4
142 23 8
142 25 1
142 37 4
142 46 8
142 60 6
142 61 8
142 67 3
142 70 8
142 81 9
142 90 3
142 96 6
142 99 3
142 104 8
142 112 9
142 124 4
142 189 5
142 204 8
142 223 7
142 225 5
142 236 1
142 239 4
142 260 7
142 263 2
142 268 4
142 274 1
142 282 8
142 295 5
143 17 9
143 28 4
143 34 9
143 39 2
143 55 3
143 86 7
143 107 8
143 112 3
143 113 4
143 124 6
143 129 7
143 145 9
143 147 6
143 189 8
143 191 6
143 193 6
143 202 3
143 231 7
143 233 4
143 261 9
143 274 5
143 299 9
144 3 2
144 31 5
144 36 1
144 37 8
144 60 8
144 111 8
144 113 2
144 121 9
144 126 2
144 144 3
144 162 9
144 166 6
144 172 7
144 175 8
144 178 3
144 191 5
144 193 2
144 201 3
144 210 1
144 212 2
144 234 8
144 249 4
144 253 8
144 266 8
144 280 6
144 297 4
144 298 3
145 2 1
145 13 1
145 16 2
145 20 5
145 22 2
145 32 5
145 33 1
145 56 1
145 59 8
145 70 1
145 76 9
145 83 5
145 139 6
145 143 7
145 147 2
145 163 4
145 183 9
145 202 7
145 205 6
145 208 9
145 226 2
145 247 6
145 266 8
145 270 6
145 272 8
145 274 3
145 278 1
145 286 9
146 2 6
146 6 8
146 11 1
146 14 1
146 17 1
146 44 1
146 46 5
146 61 5
146 74 3
146 87 1
146 101 4
146 102 9
146 116 8
146 119 4
146 122 9
146 128 5
146 129 9
146 136 1
146 137 3
146 149 1
146 154 6
146 171 7
146 180 3
146 190 4
146 197 8
146 202 5
146 210 6
146 224 7
146 230 1
146 233 9
146 237 1
146 239 4
146 271 7
146 284 5
146 286 7
147 3 5
147 6 5
147 20 2
147 30 1
147 43 1
147 54 3
147 69 1
147 73 1
147 83 7
147 91 4
147 99 6
147 117 8
147 127 3
147 134 1
147 136 7
147 140 4
147 143 3
147 153 9
147 155 9
147 161 1
147 164 7
147 181 9
147 187 8
147 212 4
147 216 6
147 224 1
147 237 8
147 244 8
147 248 8
147 257 5
147 264 1
147 272 2
147 278 3
147 282 6
147 287 7
148 3 9
148 20 1
148 26 5
148 45 4
148 47 6
148 60 1
148 67 5
148 91 2
148 93 3
148 100 8
148 110 3
148 114 8
148 119 8
148 121 7
148 125 6
148 135 3
148 147 3
148 155 5
148 162 5
148 163 1
148 183 6
148 185 1
148 186 9
148 187 8
148 202 4
148 220 1
148 229 4
148 243 8
148 264 9
148 270 1
148 279 2
148 299 9
149 5 2
149 11 8
149 12 3
149 13 8
149 33 5
149 51 8
149 55 5
149 57 6
149 59 9
149 74 2
149 100 6
149 103 5
149 111 7
149 113 7
149 135 5
149 161 7
149 162 6
149 174 5
149 183 8
149 190 4
149 194 5
149 197 7
149 204 5
149 209 8
149 210 3
149 219 6
149 231 9
149 238 6
149 244 4
149 246 8
149 258 6
149 259 5
149 262 4
149 273 9
149 284 4
149 298 5
150 8 2
150 12 4
150 18 9
150 31 5
150 51 8
150 57 2
150 67 9
150 73 6
150 79 5
150 85 5
150 95 3
150 122 7
150 141 4
150 145 8
150 151 4
150 157 8
150 168 6
150 180 8
150 191 5
150 193 3
150 196 5
150 198 3
150 211 2
150 225 3
150 228 3
150 230 8
150 237 2
150 240 9
150 251 9
150 256 9
150 258 6
150 268 4
150 294 7
151 0 7
151 4 5
151 19 3
151 21 3
151 23 6
151 25 9
151 30 4
151 45 4
151 57 8
151 59 4
151 70 8
151 77 5
151 83 3
151 100 2
151 106 4
151 110 7
151 122 9
151 129 4
151 131 3
151 140 8
151 143 8
151 145 3
151 164 3
151 167 6
151 169 3
151 172 8
151 180 1
151 183 1
151 185 4
151 191 5
151 193 6
151 194 8
151 210 9
151 234 8
151 241 5
151 256 7
151 261 5
151 270 3
151 273 9
151 281 5
152 3 4
152 16 4
152 39 3
152 46 1
152 59 8
152 70 8
152 75 2
152 79 6
152 82 6
152 83 3
152 87 2
152 96 6
152 99 2
152 107 4
152 110 8
152 112 6
152 121 6
152 122 9
152 126 8
152 138 4
152 148 9
152 152 3
152 155 8
152 168 8
152 174 2
152 175 5
152 183 2
152 184 2
152 192 2
152 212 7
152 235 6
152 244 8
152 266 1
152 268 4
152 276 7
152 282 9
152 290 5
152 293 9
153 29 8
153 47 2
153 49 3
153 66 2
153 78 9
153 82 6
153 83 5
153 84 5
153 85 5
153 119 2
153 126 4
153 128 8
153 139 8
153 149 2
153 154 7
153 155 9
153 182 6
153 184 3
153 186 9
153 193 1
153 199 4
153 232 5
153 249 2
153 253 4
153 254 3
153 260 2
153 266 2
153 267 6
153 268 3
153 298 5
154 2 1
154 4 1
154 8 5
154 15 4
154 16 3
154 17 1
154 23 8
154 29 5
154 42 6
154 52 3
154 57 9
154 80 8
154 82 2
154 110 8
154 127 6
154 138 3
154 147 7
154 155 4
154 162 7
154 163 4
154 168 3
154 169 8
154 185 8
154 191 4
154 213 7
154 234 8
154 238 8
154 258 8
154 269 2
154 280 1
155 2 3
155 21 6
155 38 5
155 43 4
155 64 9
155 73 7
155 101 1
155 113 1
155 125 7
155 128 2
155 141 4
155 144 6
155 162 1
155 167 7
155 171 8
155 173 1
155 177 9
155 180 8
155 201 9
155 212 3
155 231 3
155 244 4
155 245 9
155 261 7
155 263 2
155 296 2
156 4 3
156 8 6
156 16 9
156 46 3
156 48 5
156 52 6
156 79 7
156 88 7
156 118 8
156 126 4
156 128 6
156 137 2
156 153 7
156 158 8
156 178 6
156 179 2
156 190 9
156 199 4
156 212 1
156 216 5
156 220 6
156 223 9
156 228 2
156 250 5
156 256 9
156 278 9
156 283 4
156 290 7
156 295 2
156 297 4
157 27 6
157 37 8
157 50 3
157 54 7
157 60 1
157 66 7
157 93 3
157 100 5
157 104 2
157 116 2
157 117 7
157 153 4
157 156 9
157 159 8
157 160 5
157 170 7
157 171 5
157 175 9
157 183 2
157 201 5
157 216 9
157 229 5
157 239 9
157 244 7
157 245 1
157 254 1
157 256 4
157 259 8
157 265 9
157 269 8
157 270 9
157 280 6
157 282 1
157 291 6
157 295 6
158 0 1
158 5 4
158 12 2
158 29 9
158 34 8
158 54 3
158 56 5
158 63 3
158 75 1
158 81 7
158 84 7
158 107 8
158 109 1
158 118 1
158 123 1
158 143 7
158 146 7
158 169 7
158 180 4
158 185 8
158 196 2
158 199 7
158 204 2
158 216 3
158 228 9
158 233 4
158 234 7
158 242 6
158 244 7
158 249 5
158 264 1
158 298 5
158 299 8
159 10 1
159 11 8
159 13 3
159 16 4
159 23 8
159 43 6
159 49 9
159 55 5
159 60 1
159 69 2
159 87 4
159 94 5
159 98 2
159 101 4
159 104 2
159 128 5
159 131 6
159 154 6
159 179 5
159 190 9
159 197 1
159 199 8
159 201 8
159 236 8
159 244 5
159 245 6
159 251 4
159 268 1
159 279 8
159 294 3
160 0 2
160 13 9
160 18 6
160 23 6
160 39 8
160 45 1
160 57 1
160 72 9
160 80 6
160 98 8
160 115 2
160 116 5
160 125 7
160 141 8
160 156 8
160 180 2
160 187 4
160 205 1
160 215 9
160 218 8
160 227 7
160 242 7
160 281 6
161 10 6
161 13 8
161 43 3
161 60 8
161 75 4
161 83 8
161 101 7
161 110 8
161 138 5
161 141 2
161 144 4
161 146 1
161 147 2
161 180 1
161 192 4
161 197 8
161 198 5
161 214 1
161 218 7
161 230 8
161 234 8
161 237 6
161 260 3
161 283 9
161 294 3
161 297 4
162 28 4
162 29 3
162 36 1
162 38 7
162 41 5
162 43 2
162 45 6
162 55 5
162 56 9
162 66 6
162 68 1
162 74 8
162 77 7
162 85 3
162 103 7
162 118 1
162 121 5
162 128 4
162 159 4
162 160 9
162 164 2
162 183 5
162 184 1
162 190 4
162 203 3
162 216 6
162 224 2
162 227 5
162 228 3
162 229 5
162 235 1
162 240 1
162 245 3
162 252 6
162 256 3
162 263 9
162 271 5
162 284 6
162 287 4
162 290 4
162 296 7
162 297 9
163 4 6
163 10 5
163 12 6
163 20 9
163 59 7
163 67 6
163 78 4
163 90 6
163 91 3
163 92 3
163 94 6
163 120 4
163 121 3
163 132 3
163 134 4
163 136 4
163 142 5
163 159 4
163 160 4
163 172 2
163 179 8
163 194 8
163 195 3
163 202 2
163 206 3
163 209 8
163 213 3
163 218 1
163 219 7
163 222 6
163 240 1
163 256 2
163 260 2
163 265 8
163 267 6
163 275 3
163 283 8
163 296 1
164 5 9
164 26 3
164 29 7
164 72 4
164 88 9
164 91 8
164 94 6
164 97 6
164 100 1
164 106 5
164 107 5
164 128 6
164 138 5
164 143 6
164 147 6
164 148 6
164 167 3
164 177 3
164 181 4
164 186 6
164 194 7
164 196 6
164 204 3
164 209 7
164 221 7
164 222 2
164 231 9
164 234 9
164 239 7
164 246 4
164 249 8
164 258 9
164 272 3
164 276 4
164 299 5
165 1 6
165 10 9
165 11 8
165 14 7
165 15 5
165 17 2
165 32 5
165 41 3
165 47 9
165 66 9
165 78 9
165 85 6
165 86 1
165 92 9
165 104 2
165 143 8
165 145 8
165 151 2
165 153 6
165 156 4
165 160 3
165 174 8
165 179 2
165 230 4
165 231 3
165 239 5
165 248 6
165 268 1
165 281 5
165 289 3
165 299 6
166 11 8
166 16 2
166 24 7
166 56 7
166 66 1
166 67 6
166 74 9
166 79 5
166 94 6
166 118 3
166 136 2
166 138 7
166 154 4
166 167 9
166 168 6
166 170 5
166 178 4
166 189 4
166 213 7
166 217 5
166 226 3
166 233 7
166 238 7
166 241 6
166 242 2
166 252 2
166 253 9
166 255 4
166 257 5
166 261 3
166 289 6
167 22 2
167 29 6
167 34 4
167 37 5
167 47 4
167 49 8
167 51 6
167 57 1
167 76 1
167 93 1
167 116 1
167 126 5
167 164 1
167 184 1
167 198 6
167 217 5
167 223 4
167 242 9
167 249 8
167 253 9
167 254 2
167 256 6
167 259 7
167 262 4
167 281 5
167 282 6
167 290 5
168 12 9
168 17 3
168 36 1
168 38 7
168 40 8
168 46 2
168 90 3
168 99 6
168 102 3
168 108 9
168 110 6
168 121 4
168 124 8
168 144 6
168 159 3
168 174 4
168 175 1
168 178 6
168 191 4
168 218 5
168 251 7
168 259 4
168 263 1
168 275 1
168 277 1
168 282 2
168 293 6
168 295 9
169 7 4
169 22 3
169 24 3
169 29 5
169 35 4
169 38 5
169 53 7
169 67 8
169 73 3
169 81 4
169 88 1
169 91 7
169 99 1
169 125 8
169 126 4
169 141 9
169 143 7
169 147 3
169 159 6
169 160 8
169 179 6
169 186 3
169 194 2
169 200 6
169 209 6
169 210 2
169 221 5
169 226 9
169 227 6
169 228 7
169 241 6
169 263 1
169 265 7
169 271 8
169 274 6
169 282 8
170 7 4
170 19 2
170 36 1
170 42 8
170 51 1
170 57 8
170 74 4
170 78 3
170 99 3
170 105 6
170 118 1
170 136 1
170 158 9
170 163 5
170 189 1
170 197 3
170 199 6
170 213 2
170 215 3
170 217 5
170 219 1
170 228 4
170 240 3
170 264 8
170 268 7
170 282 1
170 286 7
170 289 5
170 294 7
171 23 3
171 27 2
171 37 7
171 47 1
171 73 7
171 91 3
171 94 2
171 105 8
171 107 7
171 114 8
171 116 3
171 121 6
171 134 7
171 154 4
171 165 8
171 170 8
171 178 6
171 179 1
171 186 7
171 200 7
171 202 6
171 204 2
171 208 1
171 212 1
171 216 7
171 228 2
171 236 3
171 256 7
171 262 9
171 289 6
171 292 9
171 293 5
171 299 1
172 13 8
172 24 3
172 26 1
172 34 9
172 37 2
172 38 2
172 85 2
172 87 2
172 95 5
172 117 7
172 119 2
172 125 7
172 141 5
172 142 9
172 145 4
172 166 3
172 184 7
172 191 1
172 199 6
172 215 8
172 222 2
172 226 2
172 247 3
172 252 6
172 254 9
172 261 8
172 265 6
172 273 5
172 277 5
172 292 6
173 4 6
173 6 2
173 8 3
173 24 5
173 38 5
173 42 5
173 47 1
173 49 8
173 62 4
173 77 3
173 83 1
173 92 9
173 99 9
173 101 8
173 111 8
173 112 8
173 129 3
173 130 4
173 145 8
173 149 2
173 154 2
173 176 3
173 184 7
173 188 9
173 203 3
173 206 3
173 219 2
173 225 9
173 282 7
173 292 5
173 299 8
174 2 5
174 8 5
174 12 6
174 19 1
174 30 4
174 33 2
174 40 3
174 48 8
174 49 4
174 52 2
174 79 3
174 99 2
174 102 3
174 103 3
174 104 6
174 109 4
174 118 2
174 133 5
174 136 1
174 140 2
174 143 8
174 155 7
174 167 2
174 174 4
174 183 7
174 187 1
174 189 8
174 214 4
174 238 4
174 248 9
174 249 4
174 251 2
174 254 5
174 280 4
174 282 5
175 5 4
175 7 5
175 10 4
175 38 3
175 39 3
175 41 4
175 50 2
175 57 4
175 80 5
175 82 7
175 89 4
175 90 3
175 99 7
175 121 9
175 127 1
175 142 7
175 151 4
175 152 1
175 160 2
175 170 6
175 179 8
175 187 5
175 189 9
175 190 1
175 193 4
175 199 8
175 200 2
175 225 8
175 227 6
175 262 4
175 263 3
175 278 4
175 290 3
176 3 4
176 6 4
176 10 2
176 11 9
176 26 4
176 40 1
176 49 5
176 51 8
176 53 1
176 59 2
176 71 8
176 74 1
176 92 1
176 121 1
176 134 1
176 142 9
176 148 3
176 151 7
176 168 2
176 202 7
176 208 2
176 211 8
176 214 5
176 216 2
176 235 5
176 242 4
176 254 9
176 261 5
176 269 2
176 283 7
176 284 2
177 1 7
177 37 2
177 48 4
177 53 6
177 62 7
177 64 2
177 68 5
177 95 2
177 100 4
177 102 1
177 117 1
177 122 5
177 149 9
177 159 4
177 166 1
177 174 4
177 193 5
177 210 3
177 214 4
177 218 3
177 231 4
177 232 5
177 233 1
177 247 1
177 260 6
177 261 5
177 282 9
177 284 8
177 286 8
178 2 1
178 5 8
178 27 1
178 43 6
178 45 3
178 49 9
178 60 7
178 64 8
178 71 8
178 74 7
178 78 1
178 84 3
178 88 4
178 91 4
178 93 9
178 103 4
178 111 8
178 115 7
178 125 8
178 130 9
178 132 7
178 135 4
178 152 4
178 164 6
178 167 8
178 168 1
178 175 6
178 183 9
178 187 1
178 209 6
178 212 7
178 213 8
178 219 3
178 223 9
178 228 3
178 235 8
178 238 2
178 280 7
179 21 2
179 31 2
179 35 6
179 57 4
179 58 2
179 59 9
179 75 7
179 87 8
179 99 1
179 104 4
179 107 7
179 108 9
179 110 7
179 115 5
179 117 3
179 127 2
179 152 5
179 160 7
179 161 4
179 187 7
179 190 4
179 200 6
179 230 1
179 233 4
179 245 7
179 252 6
179 255 2
179 262 6
179 268 7
179 270 7
179 277 5
179 286 8
180 8 4
180 9 6
180 12 7
180 30 9
180 34 2
180 45 8
180 55 4
180 71 9
180 72 1
180 80 4
180 95 2
180 108 3
180 125 7
180 127 7
180 132 1
180 137 8
180 139 8
180 155 7
180 169 6
180 170 7
180 176 4
180 178 5
180 199 1
180 212 6
180 213 8
180 219 3
180 233 1
180 238 6
180 264 1
180 287 1
180 290 5
180 292 9
181 2 1
181 3 5
181 7 3
181 33 6
181 39 7
181 42 5
181 47 2
181 62 3
181 72 5
181 87 9
181 100 1
181 118 2
181 137 4
181 150 6
181 154 1
181 169 1
181 181 4
181 187 7
181 188 4
181 197 7
181 236 4
181 249 7
181 252 2
181 256 1
181 290 1
182 29 6
182 33 9
182 37 5
182 64 5
182 72 8
182 96 8
182 103 9
182 110 9
182 117 5
182 123 3
182 135 5
182 148 5
182 160 6
182 177 2
182 179 7
182 183 4
182 191 3
182 196 9
182 202 4
182 206 4
182 213 7
182 247 7
182 254 8
182 270 4
182 283 3
182 295 3
182 296 5
182 298 3
183 13 8
183 18 5
183 21 2
183 31 8
183 36 8
183 43 2
183 84 7
183 88 4
183 95 2
183 108 1
183 129 9
183 131 2
183 136 8
183 143 4
183 145 9
183 149 4
183 152 5
183 155 7
183 160 4
183 163 3
183 174 4
183 208 2
183 216 8
183 225 6
183 243 1
183 253 3
183 256 2
183 265 3
183 297 6
183 298 1
184 6 1
184 12 2
184 31 7
184 46 1
184 52 2
184 55 4
184 62 3
184 69 7
184 116 5
184 138 2
184 145 3
184 147 9
184 150 4
184 153 6
184 156 2
184 167 4
184 178 9
184 181 1
184 182 9
184 191 6
184 192 9
184 193 6
184 210 3
184 229 7
184 250 4
184 265 4
184 270 5
184 277 7
184 284 2
184 296 4
185 3 3
185 14 4
185 31 1
185 40 3
185 46 7
185 60 3
185 81 8
185 83 1
185 90 7
185 93 9
185 96 3
185 101 7
185 103 2
185 117 5
185 146 7
185 173 7
185 176 3
185 179 9
185 193 9
185 196 3
185 203 6
185 205 9
185 206 4
185 211 2
185 217 2
185 225 1
185 231 2
185 238 4
185 242 1
185 248 3
185 257 3
185 264 6
185 274 7
185 286 6
185 287 8
186 13 1
186 50 7
186 53 8
186 99 1
186 108 2
186 125 7
186 127 2
186 135 5
186 143 6
186 145 1
186 151 3
186 152 2
186 169 2
186 174 8
186 180 6
186 198 7
186 207 2
186 208 2
186 211 9
186 217 4
186 231 9
186 235 8
186 240 6
186 246 4
186 262 6
186 264 9
186 265 2
186 283 9
187 22 1
187 23 7
187 25 7
187 29 2
187 46 8
187 67 1
187 71 4
187 79 7
187 87 7
187 92 6
187 95 1
187 98 2
187 114 5
187 134 6
187 138 8
187 139 2
187 140 5
187 146 5
187 147 1
187 151 5
187 153 2
187 164 5
187 174 9
187 184 2
187 185 8
187 189 6
187 193 6
187 212 4
187 224 4
187 226 2
187 229 3
187 231 7
187 234 2
187 236 1
187 237 1
187 246 1
188 5 5
188 9 1
188 21 3
188 33 9
188 41 4
188 56 2
188 60 5
188 74 6
188 88 7
188 90 4
188 98 8
188 105 8
188 109 4
188 134 8
188 141 9
188 145 2
188 151 6
188 157 9
188 185 5
188 192 8
188 198 1
188 200 7
188 206 7
188 207 5
188 209 1
188 223 6
188 228 8
188 236 1
188 239 1
188 245 3
188 255 6
188 265 3
188 266 6
188 271 3
188 290 3
188 293 1
189 5 6
189 14 2
189 16 9
189 28 7
189 54 1
189 66 8
189 110 5
189 113 8
189 122 8
189 129 9
189 133 6
189 172 2
189 202 6
189 214 1
189 215 7
189 231 9
189 239 1
189 241 8
189 249 6
189 251 3
189 258 1
189 265 8
189 276 8
189 282 4
189 289 6
190 2 5
190 6 8
190 32 7
190 35 2
190 36 2
190 40 4
190 58 4
190 90 3
190 94 2
190 105 7
190 120 7
190 127 7
190 180 5
190 189 5
190 221 8
190 232 6
190 246 6
190 250 8
190 283 7
190 289 9
190 297 8
191 5 3
191 15 3
191 21 4
191 46 9
191 51 2
191 52 2
191 85 1
191 113 2
191 137 5
191 147 4
191 193 9
191 207 3
191 209 5
191 226 8
191 230 6
191 236 5
191 247 8
191 249 6
191 259 5
191 294 3
192 0 7
192 3 3
192 7 7
192 8 5
192 32 5
192 50 6
192 57 8
192 58 8
192 60 6
192 79 9
192 85 1
192 89 8
192 97 8
192 98 6
192 109 7
192 111 4
192 112 1
192 120 2
192 123 6
192 135 8
192 153 7
192 158 6
192 163 1
192 175 1
192 185 4
192 187 4
192 197 6
192 208 5
192 211 3
192 222 4
192 228 7
192 263 1
192 266 3
192 274 4
192 282 8
192 283 6
192 286 5
192 288 6
192 292 6
193 4 4
193 21 5
193 24 2
193 37 6
193 40 4
193 41 3
193 42 8
193 55 5
193 61 3
193 66 4
193 77 1
193 85 2
193 92 4
193 102 7
193 104 6
193 110 1
193 116 2
193 134 5
193 154 5
193 163 8
193 164 8
193 169 7
193 174 8
193 179 5
193 184 8
193 187 8
193 190 9
193 196 6
193 198 2
193 210 2
193 213 9
193 218 7
193 223 9
193 232 4
193 262 2
193 267 1
193 284 5
193 291 5
194 7 8
194 20 1
194 37 2
194 46 8
194 52 8
194 55 5
194 61 7
194 67 3
194 83 9
194 84 6
194 85 4
194 103 4
194 112 5
194 117 6
194 121 5
194 125 4
194 147 3
194 148 8
194 151 3
194 213 1
194 223 1
194 252 7
194 254 3
194 268 1
194 273 1
194 275 6
194 287 2
194 293 9
195 7 3
195 10 5
195 26 7
195 39 8
195 47 8
195 52 8
195 66 3
195 73 1
195 75 6
195 77 3
195 95 6
195 105 3
195 110 8
195 132 9
195 140 9
195 142 7
195 143 2
195 147 3
195 149 6
195 152 6
195 156 2
195 158 8
195 172 6
195 177 6
195 183 6
195 189 7
195 201 8
195 202 2
195 218 1
195 229 1
195 242 5
195 266 9
195 268 4
195 271 4
195 279 7
196 3 9
196 5 8
196 6 2
196 9 9
196 40 6
196 45 1
196 50 4
196 55 1
196 56 7
196 72 2
196 90 9
196 106 2
196 111 3
196 126 7
196 128 7
196 132 3
196 135 1
196 138 5
196 142 8
196 168 7
196 187 7
196 195 2
196 201 7
196 221 5
196 232 3
196 238 9
196 245 9
196 267 1
196 274 6
196 284 8
196 288 7
196 295 2
197 7 1
197 28 4
197 34 8
197 50 7
197 68 3
197 81 5
197 83 7
197 85 3
197 117 2
197 118 1
197 133 8
197 139 4
197 144 8
197 145 9
197 148 3
197 171 6
197 178 5
197 179 6
197 210 6
197 217 5
197 222 4
197 252 7
197 261 6
197 262 5
197 275 6
197 281 6
197 290 3
197 298 6
197 299 3
198 4 3
198 5 4
198 10 1
198 15 8
198 16 8
198 18 5
198 28 3
198 38 6
198 49 2
198 60 5
198 82 3
198 86 5
198 87 4
198 91 5
198 100 4
198 102 6
198 104 9
198 105 3
198 112 1
198 120 7
198 135 8
198 145 3
198 149 5
198 162 7
198 165 9
198 170 5
198 171 9
198 177 8
198 203 6
198 206 3
198 207 5
198 215 8
198 218 8
198 228 2
198 230 6
198 244 6
198 245 5
198 250 5
198 254 2
198 257 9
198 261 5
198 285 6
198 293 7
199 3 7
199 8 7
199 22 6
199 35 4
199 36 8
199 68 9
199 72 4
199 84 1
199 86 1
199 102 6
199 108 5
199 120 5
199 125 5
199 162 7
199 163 3
199 164 4
199 166 9
199 173 7
199 185 8
199 190 3
199 197 4
199 211 6
199 227 6
199 229 7
199 233 2
199 265 4
199 266 7
199 268 2
199 274 4
