300 200
0 16 4
0 21 4
0 27 4
0 48 6
0 61 6
0 66 3
0 70 4
0 84 8
0 93 8
0 94 8
0 118 9
0 119 2
0 140 7
0 150 3
0 151 8
0 184 9
0 187 2
0 193 3
1 5 9
1 28 5
1 46 9
1 56 3
1 63 4
1 66 8
1 68 2
1 89 2
1 98 2
1 107 3
1 110 6
1 115 3
1 121 1
1 131 1
1 144 8
1 162 5
1 174 3
1 177 2
1 196 3
2 6 8
2 9 5
2 17 7
2 41 8
2 56 7
2 59 5
2 65 3
2 77 4
2 94 5
2 109 9
2 111 6
2 115 2
2 118 2
2 126 4
2 138 8
2 143 5
2 146 8
2 149 6
2 154 4
2 179 9
2 183 6
2 195 3
3 31 5
3 70 3
3 73 8
3 74 7
3 78 8
3 81 6
3 99 6
3 106 8
3 112 8
3 118 9
3 138 7
3 140 7
3 142 2
3 148 7
3 149 3
3 191 4
3 195 5
3 196 7
4 21 7
4 37 8
4 39 6
4 55 6
4 63 8
4 83 2
4 105 2
4 106 7
4 107 1
4 112 5
4 113 8
4 146 7
4 158 4
4 159 2
4 177 4
4 184 9
4 196 5
5 0 5
5 6 9
5 25 3
5 33 6
5 34 3
5 37 7
5 49 5
5 58 9
5 59 9
5 66 1
5 78 6
5 95 8
5 102 7
5 103 6
5 106 2
5 109 9
5 123 3
5 127 9
5 151 8
5 153 8
5 156 3
5 159 5
5 160 6
5 162 8
5 163 8
5 172 2
5 179 2
5 185 5
5 192 6
6 2 8
6 6 2
6 11 1
6 28 5
6 35 7
6 37 6
6 38 6
6 44 6
6 50 3
6 54 3
6 57 2
6 75 1
6 78 9
6 81 2
6 84 9
6 96 6
6 111 2
6 133 8
6 168 3
6 177 5
6 178 7
6 192 1
7 2 2
7 30 9
7 33 4
7 34 7
7 43 9
7 46 4
7 62 1
7 64 1
7 69 3
7 82 7
7 88 8
7 94 5
7 113 9
7 133 8
7 172 1
7 184 8
7 193 4
8 13 6
8 15 7
8 19 2
8 43 6
8 57 7
8 70 6
8 85 1
8 97 7
8 118 3
8 119 6
8 145 4
8 156 8
8 157 2
8 172 6
8 183 3
8 189 1
8 198 1
9 3 9
9 13 8
9 34 8
9 36 6
9 52 9
9 59 8
9 73 8
9 87 3
9 94 4
9 114 6
9 126 9
9 132 8
9 137 7
9 142 1
9 148 7
9 149 3
9 154 7
9 155 9
9 157 8
9 175 8
9 187 3
9 191 3
9 197 7
10 6 5
10 43 9
10 62 5
10 85 7
10 89 7
10 98 3
10 99 8
10 110 4
10 119 3
10 125 6
10 141 6
10 156 6
10 183 6
10 187 7
10 192 7
10 195 6
11 2 6
11 5 1
11 29 1
11 32 5
11 61 9
11 96 6
11 99 8
11 104 8
11 105 8
11 108 4
11 135 8
11 144 4
11 168 1
11 173 5
11 187 8
11 192 5
12 0 5
12 8 3
12 11 7
12 20 5
12 27 1
12 28 5
12 38 7
12 53 9
12 56 1
12 82 2
12 92 9
12 111 4
12 128 2
12 130 4
12 136 6
12 198 9
13 15 5
13 26 8
13 43 3
13 49 3
13 58 6
13 62 9
13 65 5
13 72 3
13 109 5
13 111 2
13 125 6
13 133 8
13 164 2
13 168 5
13 171 4
13 177 1
13 187 1
13 189 1
13 191 8
13 195 4
14 9 6
14 13 4
14 21 3
14 32 9
14 46 9
14 49 4
14 50 1
14 54 4
14 64 5
14 67 2
14 74 6
14 75 4
14 80 5
14 81 4
14 104 4
14 110 2
14 111 7
14 115 5
14 160 5
14 174 2
14 197 7
15 3 6
15 22 2
15 23 1
15 47 6
15 48 4
15 53 8
15 69 6
15 74 2
15 80 3
15 87 1
15 101 9
15 112 8
15 114 5
15 142 8
15 154 7
15 162 3
15 166 3
15 169 7
15 173 9
15 188 8
15 192 1
16 8 6
16 22 3
16 28 8
16 30 8
16 40 7
16 61 4
16 69 4
16 82 1
16 84 9
16 88 3
16 139 2
16 149 9
16 159 2
16 161 2
16 181 4
16 182 1
16 186 1
16 194 8
17 6 1
17 23 6
17 53 5
17 56 9
17 65 3
17 74 3
17 75 2
17 86 2
17 99 3
17 108 2
17 120 4
17 140 8
17 147 1
17 166 3
17 193 3
17 195 1
17 199 8
18 8 9
18 15 4
18 27 9
18 29 6
18 44 7
18 49 7
18 76 9
18 77 4
18 82 6
18 90 6
18 104 1
18 118 4
18 121 3
18 126 7
18 133 7
18 149 6
18 153 1
18 159 7
18 160 3
18 166 9
18 177 5
19 7 4
19 8 1
19 9 8
19 15 8
19 17 2
19 22 6
19 33 3
19 34 4
19 36 7
19 38 5
19 46 2
19 54 3
19 56 9
19 65 9
19 67 3
19 69 9
19 87 2
19 88 1
19 90 6
19 97 9
19 99 2
19 119 6
19 123 7
19 150 2
19 166 7
19 168 5
19 189 8
20 0 6
20 14 6
20 21 6
20 28 7
20 47 3
20 54 4
20 59 4
20 66 6
20 69 8
20 71 8
20 78 5
20 88 2
20 103 8
20 115 8
20 120 7
20 143 5
20 146 5
20 152 2
20 155 8
20 174 2
21 3 2
21 9 3
21 11 1
21 12 2
21 21 6
21 27 1
21 51 4
21 59 3
21 61 9
21 88 6
21 94 8
21 95 5
21 96 5
21 103 9
21 112 2
21 117 1
21 120 4
21 132 1
21 136 8
21 157 3
21 161 4
21 178 7
21 182 5
21 196 4
22 1 7
22 34 1
22 42 9
22 43 9
22 44 8
22 47 2
22 67 8
22 79 2
22 87 3
22 116 8
22 136 7
22 144 6
22 152 9
22 167 3
22 187 3
22 193 7
23 6 4
23 9 7
23 13 3
23 22 3
23 26 8
23 28 7
23 36 8
23 46 3
23 53 7
23 55 3
23 56 8
23 63 9
23 76 6
23 88 7
23 113 8
23 123 3
23 124 9
23 131 4
23 142 5
23 147 6
23 167 2
23 170 1
23 174 5
23 181 6
23 183 2
23 190 2
23 194 7
23 195 1
23 199 5
24 3 6
24 8 3
24 15 1
24 17 2
24 29 9
24 38 1
24 41 4
24 57 8
24 58 8
24 59 5
24 70 4
24 82 3
24 86 8
24 87 7
24 92 5
24 99 3
24 101 3
24 110 5
24 112 7
24 118 5
24 123 9
24 133 1
24 138 9
24 141 7
24 150 9
24 153 4
24 172 2
24 186 3
24 191 8
24 196 2
24 199 3
25 8 5
25 12 6
25 20 8
25 50 9
25 63 2
25 70 6
25 91 4
25 105 8
25 107 1
25 112 7
25 113 4
25 117 2
25 125 4
25 132 8
25 137 4
25 139 9
25 143 1
25 151 3
25 152 2
25 154 5
25 157 9
25 159 1
25 163 5
25 175 3
25 186 4
25 191 6
25 197 5
26 4 8
26 9 4
26 15 9
26 52 2
26 60 2
26 78 9
26 79 6
26 81 6
26 83 4
26 84 9
26 93 2
26 104 9
26 106 8
26 125 9
26 136 8
26 170 5
26 171 6
26 175 4
26 184 4
26 192 5
27 0 8
27 13 4
27 24 9
27 32 4
27 36 3
27 44 9
27 50 7
27 66 8
27 71 7
27 79 4
27 97 4
27 100 6
27 107 9
27 111 1
27 126 3
27 137 9
27 145 1
27 146 9
27 156 3
27 173 5
27 180 5
27 190 8
28 24 3
28 34 5
28 36 1
28 43 5
28 59 1
28 61 1
28 68 1
28 74 3
28 80 1
28 89 8
28 95 6
28 97 4
28 100 8
28 123 7
28 124 8
28 132 6
28 134 7
28 138 5
28 158 3
28 165 3
28 167 7
28 178 8
28 183 4
28 192 7
29 0 8
29 2 3
29 3 8
29 29 4
29 35 8
29 68 7
29 73 6
29 109 5
29 113 5
29 115 6
29 116 8
29 119 6
29 129 5
29 130 8
29 132 8
29 152 2
29 158 4
29 160 7
29 176 6
29 190 4
29 198 3
30 9 2
30 13 5
30 20 9
30 30 3
30 33 5
30 35 4
30 41 5
30 61 1
30 73 8
30 86 3
30 90 6
30 110 3
30 112 8
30 114 5
30 131 3
30 140 3
30 183 2
30 192 7
30 193 6
30 194 4
31 8 6
31 10 5
31 17 9
31 20 8
31 25 5
31 36 9
31 48 8
31 62 6
31 63 7
31 75 7
31 76 9
31 77 4
31 79 9
31 83 7
31 84 3
31 112 8
31 117 5
31 119 8
31 140 5
31 143 7
31 148 5
31 174 3
31 198 4
32 1 4
32 2 5
32 4 7
32 9 7
32 23 5
32 52 2
32 62 6
32 66 6
32 78 6
32 88 9
32 103 2
32 104 5
32 114 7
32 132 7
32 138 1
32 144 2
32 148 7
32 162 1
32 165 7
32 167 6
32 171 4
32 192 6
32 196 2
33 0 5
33 3 6
33 13 9
33 18 8
33 23 1
33 24 7
33 44 1
33 46 1
33 57 9
33 63 6
33 68 5
33 74 1
33 84 3
33 91 7
33 95 2
33 104 5
33 106 4
33 135 9
33 144 6
33 147 4
33 151 3
33 160 5
33 166 9
33 197 4
33 198 6
34 19 3
34 38 6
34 40 4
34 64 6
34 77 9
34 86 9
34 87 4
34 89 6
34 93 7
34 97 5
34 103 2
34 113 2
34 160 9
34 193 5
34 198 4
35 3 6
35 23 2
35 33 6
35 39 7
35 54 6
35 82 8
35 86 9
35 88 8
35 91 9
35 99 9
35 103 7
35 106 6
35 121 1
35 134 3
35 147 3
35 153 9
35 174 1
35 184 8
35 197 6
36 3 7
36 6 9
36 21 6
36 51 4
36 67 4
36 75 4
36 83 1
36 85 1
36 101 1
36 107 9
36 120 1
36 139 6
36 148 9
36 155 2
36 159 7
36 166 8
36 179 5
37 2 9
37 8 7
37 19 6
37 20 9
37 34 7
37 39 2
37 40 5
37 56 7
37 64 2
37 65 4
37 87 8
37 94 1
37 112 8
37 123 8
37 129 7
37 133 9
37 155 2
37 158 8
37 162 2
37 167 8
37 192 1
37 199 8
38 8 9
38 16 3
38 26 6
38 38 8
38 47 6
38 50 2
38 51 1
38 59 1
38 65 9
38 103 8
38 110 4
38 122 3
38 132 2
38 144 4
38 168 8
38 187 3
38 194 2
39 1 6
39 2 1
39 17 2
39 24 1
39 29 8
39 36 5
39 41 5
39 47 6
39 55 6
39 57 6
39 63 4
39 64 7
39 71 1
39 72 4
39 96 6
39 99 1
39 104 1
39 123 8
39 137 7
39 154 7
39 163 7
39 172 5
39 188 3
39 192 4
39 195 8
40 19 3
40 21 4
40 24 5
40 43 7
40 49 7
40 54 2
40 70 3
40 77 5
40 85 7
40 88 5
40 97 2
40 99 2
40 113 2
40 116 5
40 133 5
40 153 4
40 160 5
40 165 9
40 184 6
41 10 8
41 18 4
41 23 4
41 31 2
41 32 5
41 70 1
41 72 6
41 121 5
41 144 6
41 146 9
41 159 6
41 163 7
41 165 3
41 169 2
41 170 8
41 181 1
41 182 7
41 194 5
42 4 8
42 12 8
42 24 6
42 58 3
42 60 7
42 69 6
42 70 8
42 71 4
42 73 4
42 80 7
42 89 1
42 98 1
42 101 3
42 120 4
42 122 2
42 137 3
42 138 4
42 159 1
42 178 6
42 182 5
42 183 9
43 4 5
43 18 5
43 35 4
43 51 2
43 68 8
43 78 6
43 87 5
43 98 4
43 100 7
43 129 8
43 132 4
43 141 2
43 149 5
43 152 1
43 165 9
43 179 8
43 198 4
44 1 4
44 9 8
44 13 9
44 26 8
44 45 5
44 48 6
44 50 5
44 53 5
44 54 7
44 55 3
44 58 6
44 64 4
44 72 6
44 75 8
44 84 4
44 101 2
44 103 2
44 156 9
44 158 7
44 168 7
44 171 1
44 173 8
44 178 7
44 181 3
44 186 5
44 197 7
45 1 7
45 3 3
45 5 2
45 12 6
45 27 1
45 28 1
45 36 3
45 54 1
45 55 3
45 72 6
45 76 2
45 77 1
45 79 7
45 86 7
45 104 4
45 105 7
45 118 7
45 119 2
45 120 3
45 184 6
45 189 4
46 2 6
46 8 1
46 21 7
46 43 3
46 45 3
46 52 7
46 53 7
46 56 3
46 57 9
46 61 8
46 75 1
46 79 9
46 85 2
46 104 8
46 105 4
46 113 2
46 115 7
46 116 2
46 117 6
46 118 4
46 119 1
46 120 8
46 124 7
46 126 6
46 130 9
46 138 1
46 142 4
46 149 7
46 154 7
46 197 7
46 198 8
47 28 4
47 29 4
47 41 7
47 46 3
47 49 1
47 62 7
47 67 5
47 69 2
47 74 3
47 77 2
47 80 9
47 88 4
47 89 3
47 102 2
47 107 8
47 110 6
47 119 4
47 126 4
47 143 6
47 147 1
47 149 2
47 152 7
47 153 6
47 154 7
47 158 9
47 176 1
47 184 8
47 189 6
47 198 4
48 13 3
48 22 7
48 46 7
48 90 8
48 93 6
48 96 8
48 108 4
48 138 6
48 144 2
48 148 5
48 150 2
48 159 6
48 180 8
48 183 4
48 186 4
48 195 5
49 40 7
49 58 8
49 60 7
49 61 6
49 64 8
49 93 2
49 100 5
49 103 5
49 131 7
49 139 6
49 160 6
49 161 6
49 162 9
49 187 4
49 193 8
50 7 4
50 10 4
50 11 7
50 18 3
50 24 4
50 35 4
50 44 2
50 52 2
50 71 7
50 76 8
50 83 3
50 85 2
50 87 3
50 92 9
50 120 5
50 142 8
50 143 7
50 154 2
50 159 1
50 160 6
50 167 1
50 169 7
50 188 9
50 193 3
50 195 6
51 0 3
51 1 6
51 3 7
51 22 8
51 44 4
51 46 5
51 47 5
51 57 2
51 73 9
51 80 5
51 81 3
51 94 6
51 108 1
51 113 2
51 119 3
51 123 9
51 135 5
51 136 6
51 138 2
51 163 4
51 167 3
51 179 1
51 184 4
51 186 4
51 190 3
51 191 2
52 9 6
52 24 4
52 26 1
52 38 1
52 45 5
52 66 6
52 77 5
52 81 7
52 86 5
52 88 9
52 97 5
52 99 8
52 105 5
52 116 9
52 119 7
52 122 1
52 125 8
52 149 5
52 154 8
52 173 5
52 174 5
52 179 9
52 186 2
52 193 9
52 194 4
53 0 5
53 12 2
53 13 3
53 31 7
53 36 2
53 37 2
53 43 7
53 50 8
53 62 6
53 74 2
53 80 7
53 82 9
53 85 4
53 89 5
53 125 3
53 133 7
53 146 7
53 150 6
53 152 2
53 180 9
53 199 9
54 9 7
54 10 2
54 11 6
54 15 2
54 30 3
54 35 8
54 36 9
54 39 1
54 78 8
54 79 4
54 90 5
54 91 3
54 92 1
54 105 4
54 120 4
54 121 4
54 139 4
54 154 8
54 158 5
54 160 7
54 168 4
54 169 9
54 180 2
54 181 7
54 195 5
55 4 4
55 6 3
55 13 1
55 19 3
55 24 6
55 27 1
55 30 4
55 44 9
55 57 7
55 65 4
55 80 5
55 84 6
55 85 1
55 86 4
55 97 4
55 98 9
55 100 4
55 108 5
55 121 8
55 148 3
55 151 9
55 168 7
55 174 2
55 195 5
55 196 7
56 3 5
56 13 2
56 18 3
56 22 4
56 31 8
56 33 4
56 57 5
56 74 4
56 99 1
56 108 4
56 112 8
56 118 8
56 158 1
56 161 3
56 164 2
56 181 1
56 183 7
56 194 8
57 7 2
57 13 5
57 14 3
57 19 1
57 20 5
57 21 3
57 25 3
57 28 9
57 47 2
57 54 3
57 72 7
57 73 7
57 115 2
57 132 4
57 136 3
57 137 6
57 145 5
57 153 5
57 154 7
57 159 1
57 163 8
57 165 1
57 168 2
57 171 7
57 193 9
58 10 2
58 13 8
58 23 2
58 32 9
58 35 7
58 37 9
58 45 6
58 48 9
58 53 1
58 59 4
58 66 8
58 69 8
58 77 7
58 114 6
58 132 5
58 142 2
58 172 3
58 187 7
58 196 5
58 197 5
59 5 3
59 13 7
59 35 9
59 40 4
59 41 3
59 50 6
59 52 9
59 56 5
59 58 7
59 60 3
59 61 8
59 62 7
59 66 6
59 71 2
59 74 4
59 82 6
59 98 5
59 107 7
59 113 5
59 124 5
59 131 6
59 137 1
59 145 4
59 163 5
59 175 2
59 196 6
60 2 9
60 10 5
60 15 9
60 28 9
60 48 5
60 51 1
60 56 9
60 59 5
60 61 4
60 71 4
60 80 6
60 82 7
60 85 3
60 88 6
60 91 8
60 124 2
60 125 4
60 132 6
60 140 5
60 158 5
60 167 4
60 168 1
61 15 8
61 25 9
61 31 7
61 48 8
61 50 6
61 54 5
61 75 8
61 102 1
61 110 9
61 125 2
61 136 6
61 142 1
61 166 8
61 167 7
61 169 4
61 190 5
62 7 1
62 17 5
62 25 9
62 33 5
62 38 7
62 49 3
62 54 3
62 57 6
62 66 7
62 71 1
62 97 1
62 105 1
62 107 3
62 119 4
62 134 1
62 141 3
62 144 6
62 155 9
62 193 6
62 197 4
62 199 8
63 0 7
63 7 5
63 36 1
63 43 1
63 46 3
63 51 6
63 53 5
63 65 3
63 68 5
63 71 2
63 87 9
63 101 7
63 127 8
63 142 6
63 159 7
63 166 1
63 169 1
63 187 8
63 193 3
64 18 6
64 27 5
64 62 4
64 88 5
64 101 2
64 108 5
64 112 5
64 138 8
64 147 4
64 151 8
64 163 4
64 164 6
64 176 5
64 186 3
64 197 1
65 10 2
65 14 1
65 21 3
65 22 8
65 47 6
65 48 1
65 49 2
65 54 2
65 65 1
65 80 8
65 82 3
65 85 3
65 94 7
65 102 8
65 119 5
65 148 1
65 153 6
65 160 8
65 185 7
65 196 4
66 2 6
66 4 5
66 20 5
66 24 6
66 30 3
66 31 4
66 39 3
66 40 4
66 51 4
66 55 3
66 65 7
66 72 1
66 84 9
66 85 5
66 86 4
66 126 7
66 140 4
66 146 1
66 161 5
66 165 3
66 168 2
67 1 9
67 6 7
67 25 1
67 32 2
67 49 8
67 58 2
67 65 6
67 114 3
67 118 5
67 129 9
67 136 5
67 139 4
67 145 6
67 156 7
67 165 3
67 168 5
67 170 8
67 179 4
67 185 9
67 187 3
67 188 9
68 12 7
68 25 6
68 44 3
68 58 1
68 60 1
68 68 4
68 78 1
68 85 8
68 98 6
68 102 8
68 136 5
68 147 5
68 150 2
68 152 2
68 163 3
68 165 5
68 166 2
68 173 2
68 191 9
68 193 1
68 196 6
69 7 1
69 23 3
69 39 5
69 42 8
69 45 6
69 66 6
69 71 7
69 85 2
69 89 5
69 91 2
69 105 6
69 118 4
69 127 4
69 131 6
69 143 5
69 146 8
69 149 2
69 166 2
69 168 7
69 171 3
69 175 6
69 186 3
69 194 9
70 9 6
70 16 8
70 19 5
70 23 1
70 25 3
70 30 9
70 72 4
70 81 6
70 89 5
70 97 2
70 113 6
70 117 7
70 119 1
70 143 9
70 145 8
70 153 6
70 167 6
70 169 3
70 195 8
70 198 6
71 0 5
71 14 7
71 19 2
71 23 3
71 28 1
71 53 6
71 57 8
71 71 1
71 91 3
71 116 2
71 132 6
71 139 1
71 140 7
71 142 3
71 183 5
71 190 8
71 197 9
72 1 4
72 14 4
72 24 1
72 41 5
72 43 7
72 44 8
72 47 3
72 50 9
72 60 6
72 78 7
72 127 3
72 132 4
72 133 6
72 161 2
72 166 4
72 167 2
72 174 2
72 177 5
72 182 9
72 193 9
73 0 3
73 16 2
73 21 2
73 23 7
73 59 2
73 63 7
73 67 7
73 71 1
73 77 9
73 84 1
73 96 4
73 98 9
73 108 8
73 115 9
73 117 9
73 159 1
73 161 2
73 184 1
73 190 5
74 23 7
74 46 5
74 79 7
74 83 1
74 93 6
74 103 1
74 111 2
74 120 8
74 137 3
74 139 2
74 145 2
74 168 1
74 172 8
74 179 6
74 189 5
75 10 6
75 19 2
75 21 4
75 45 6
75 49 3
75 55 3
75 76 2
75 80 3
75 85 2
75 86 7
75 98 3
75 99 2
75 100 9
75 106 2
75 121 5
75 135 6
75 158 6
75 164 1
75 172 8
75 184 5
75 195 3
75 196 2
76 3 1
76 15 3
76 19 2
76 30 9
76 35 8
76 41 7
76 57 9
76 78 6
76 86 2
76 88 4
76 90 4
76 108 3
76 118 2
76 125 5
76 149 5
76 154 9
76 158 1
76 176 2
76 192 8
76 193 1
77 0 7
77 5 3
77 20 3
77 21 6
77 29 4
77 40 2
77 45 6
77 65 7
77 72 3
77 78 1
77 86 7
77 96 8
77 102 7
77 105 6
77 112 7
77 117 5
77 118 9
77 119 2
77 120 4
77 125 2
77 143 3
77 145 1
77 155 5
77 167 7
77 174 8
77 187 8
77 192 4
78 3 3
78 7 1
78 10 4
78 13 2
78 20 8
78 24 7
78 28 9
78 41 1
78 45 2
78 55 7
78 84 7
78 88 4
78 101 4
78 107 5
78 126 8
78 142 8
78 164 7
78 169 2
78 188 3
79 7 8
79 30 8
79 33 1
79 62 3
79 66 7
79 73 4
79 87 5
79 88 7
79 89 2
79 92 7
79 93 3
79 94 6
79 99 3
79 108 7
79 116 3
79 123 5
79 125 3
79 136 4
79 138 7
79 143 7
79 145 2
79 151 8
79 172 9
79 180 7
79 183 9
80 14 3
80 15 9
80 22 4
80 28 5
80 33 1
80 34 3
80 36 1
80 47 4
80 64 9
80 67 2
80 100 4
80 102 8
80 117 9
80 121 7
80 127 6
80 128 5
80 140 6
80 143 5
80 172 6
80 175 5
80 184 8
80 190 5
80 198 1
81 20 5
81 30 8
81 40 8
81 53 4
81 60 5
81 84 1
81 92 2
81 101 2
81 124 9
81 150 4
81 158 5
81 159 8
81 160 6
81 170 8
82 1 3
82 22 7
82 41 5
82 53 9
82 55 8
82 72 2
82 76 3
82 86 5
82 90 9
82 111 6
82 116 2
82 141 7
82 142 1
82 151 4
82 166 3
82 181 1
82 195 6
82 196 4
83 3 6
83 6 1
83 8 8
83 11 5
83 21 3
83 23 3
83 31 7
83 36 9
83 56 8
83 58 1
83 64 5
83 68 2
83 96 2
83 109 7
83 114 4
83 121 8
83 122 1
83 126 3
83 132 7
83 135 7
83 138 5
83 142 1
83 145 8
83 147 7
83 150 9
83 186 8
83 193 8
83 194 7
84 16 8
84 19 3
84 46 7
84 47 4
84 59 5
84 74 1
84 85 6
84 93 8
84 95 3
84 98 6
84 103 2
84 107 5
84 135 3
84 137 8
84 148 6
84 185 5
84 186 9
85 7 6
85 21 3
85 24 2
85 32 4
85 33 1
85 35 7
85 49 9
85 63 4
85 68 6
85 98 1
85 116 9
85 123 8
85 134 9
85 135 9
85 147 5
85 150 6
85 154 3
85 157 8
85 164 6
85 173 6
85 181 3
85 185 3
85 186 5
85 189 7
86 8 1
86 10 5
86 21 6
86 38 6
86 43 9
86 44 8
86 61 6
86 64 8
86 72 3
86 75 6
86 99 6
86 109 6
86 115 7
86 124 7
86 147 7
86 148 5
86 160 9
86 164 1
86 165 3
86 180 8
86 183 7
86 186 1
86 187 8
86 197 4
87 1 4
87 11 1
87 13 5
87 21 9
87 40 3
87 71 1
87 79 1
87 83 2
87 90 3
87 105 9
87 113 8
87 115 8
87 116 1
87 124 4
87 133 2
87 143 4
87 151 1
87 155 9
87 160 3
87 168 4
87 172 1
87 174 2
87 176 9
87 190 9
88 1 4
88 2 7
88 13 7
88 34 9
88 65 7
88 69 8
88 71 8
88 76 8
88 85 9
88 87 7
88 91 5
88 111 7
88 114 6
88 133 1
88 146 3
88 154 1
88 162 2
88 163 3
88 175 3
88 196 8
88 199 9
89 4 9
89 7 2
89 12 1
89 16 7
89 22 5
89 68 6
89 74 7
89 76 7
89 79 2
89 112 6
89 115 1
89 120 9
89 138 7
89 145 5
89 176 1
89 192 2
89 196 4
90 2 9
90 14 2
90 24 1
90 33 3
90 53 4
90 68 6
90 70 2
90 77 6
90 84 9
90 92 8
90 97 8
90 111 9
90 143 8
90 144 4
90 145 3
90 156 2
90 159 3
90 166 9
90 176 1
91 5 4
91 8 8
91 39 7
91 44 3
91 46 9
91 53 1
91 73 1
91 85 1
91 98 8
91 104 6
91 114 6
91 124 4
91 149 4
91 155 9
91 156 3
91 162 9
91 176 2
91 181 1
91 189 6
92 2 1
92 29 2
92 32 5
92 35 2
92 48 4
92 55 9
92 68 6
92 70 9
92 79 3
92 95 3
92 99 5
92 101 9
92 109 4
92 126 4
92 137 8
92 152 6
92 156 1
92 179 7
93 10 4
93 30 4
93 35 3
93 43 7
93 48 2
93 55 1
93 66 8
93 69 1
93 73 8
93 82 4
93 104 6
93 110 9
93 138 4
93 148 4
93 169 4
93 185 8
93 188 2
93 189 4
94 7 7
94 9 1
94 19 4
94 28 6
94 44 5
94 46 6
94 49 3
94 57 9
94 59 4
94 83 2
94 90 7
94 100 5
94 111 8
94 126 3
94 135 6
94 155 9
94 156 2
94 184 1
94 191 4
95 18 5
95 42 7
95 47 6
95 58 5
95 59 8
95 62 2
95 78 8
95 91 9
95 98 3
95 126 9
95 149 7
95 151 2
95 152 4
95 153 8
95 154 4
95 176 5
95 178 9
96 1 6
96 13 5
96 28 7
96 39 6
96 43 9
96 53 9
96 55 3
96 56 1
96 79 7
96 111 5
96 122 6
96 135 2
96 137 9
96 145 8
96 152 1
96 166 5
96 170 5
96 185 9
96 190 9
96 192 2
97 0 2
97 6 8
97 7 7
97 15 7
97 19 4
97 21 7
97 37 4
97 52 6
97 65 4
97 70 5
97 81 1
97 84 5
97 90 9
97 95 8
97 96 3
97 99 3
97 103 1
97 110 4
97 114 3
97 131 2
97 135 2
97 142 8
97 152 9
97 158 5
97 163 7
98 24 8
98 49 9
98 77 3
98 82 7
98 85 5
98 98 8
98 119 7
98 137 2
98 142 6
98 148 5
98 153 7
98 155 3
98 157 1
98 173 8
98 177 2
98 187 9
98 189 9
98 194 6
98 199 8
99 11 8
99 13 2
99 16 8
99 19 1
99 20 5
99 22 7
99 40 5
99 54 9
99 59 4
99 72 5
99 75 2
99 82 6
99 98 5
99 105 6
99 111 6
99 123 6
99 134 7
99 139 8
99 140 2
99 158 1
99 183 4
99 190 2
100 21 5
100 37 7
100 67 8
100 81 3
100 107 1
100 109 8
100 127 8
100 129 6
100 143 4
100 163 3
100 171 6
100 188 9
101 0 1
101 7 1
101 12 5
101 16 4
101 17 3
101 21 9
101 27 6
101 30 4
101 37 3
101 64 2
101 67 2
101 71 6
101 74 4
101 80 8
101 81 7
101 86 3
101 108 1
101 114 9
101 120 9
101 131 2
101 137 2
101 156 7
101 163 6
101 185 9
101 194 2
102 26 7
102 34 8
102 35 3
102 36 6
102 47 9
102 49 8
102 54 5
102 62 4
102 65 6
102 68 8
102 80 5
102 83 5
102 86 3
102 90 4
102 102 5
102 104 2
102 117 5
102 125 2
102 158 8
102 197 8
103 11 3
103 12 2
103 13 2
103 14 1
103 22 4
103 24 4
103 31 2
103 86 8
103 94 3
103 107 5
103 117 6
103 149 5
103 152 3
103 161 6
103 169 5
103 170 1
103 175 5
103 179 4
103 193 6
103 198 6
104 10 8
104 14 8
104 17 2
104 18 6
104 42 4
104 44 9
104 54 4
104 56 2
104 57 9
104 61 9
104 81 5
104 86 6
104 89 8
104 95 5
104 105 9
104 110 3
104 136 7
104 153 3
104 155 2
104 166 8
104 171 8
104 182 4
105 18 5
105 23 1
105 24 3
105 26 9
105 30 3
105 39 7
105 44 6
105 46 9
105 49 6
105 72 3
105 77 8
105 98 9
105 99 3
105 108 8
105 125 3
105 142 2
105 149 4
105 163 2
105 165 3
105 173 6
105 179 4
105 187 1
105 188 9
105 196 1
106 8 1
106 22 5
106 43 6
106 49 7
106 58 8
106 68 8
106 70 2
106 74 6
106 85 2
106 92 1
106 94 7
106 95 5
106 108 1
106 116 6
106 121 6
106 156 6
106 163 2
106 168 5
106 182 6
106 185 7
106 199 6
107 7 6
107 24 3
107 40 5
107 56 6
107 58 5
107 60 8
107 75 9
107 90 2
107 106 1
107 126 3
107 128 8
107 137 7
107 140 2
107 146 3
107 148 1
107 153 1
107 159 7
107 163 7
107 180 6
107 198 9
108 12 7
108 28 5
108 59 2
108 86 2
108 92 8
108 98 5
108 106 5
108 108 9
108 122 1
108 136 8
108 144 2
108 155 5
108 164 2
108 165 7
108 175 3
108 198 1
109 18 9
109 25 5
109 56 6
109 57 9
109 62 5
109 63 1
109 66 3
109 72 9
109 77 1
109 96 7
109 102 9
109 104 8
109 107 2
109 124 3
109 132 6
109 134 2
109 136 6
109 139 2
109 146 9
109 165 9
109 168 6
109 172 2
109 175 2
109 196 7
110 23 5
110 24 1
110 29 5
110 30 4
110 49 4
110 59 7
110 60 8
110 62 4
110 72 2
110 117 2
110 127 6
110 129 3
110 134 6
110 135 3
110 157 8
110 174 8
110 180 8
110 185 2
111 1 8
111 8 9
111 19 5
111 29 5
111 43 3
111 62 4
111 63 8
111 68 6
111 80 2
111 92 4
111 100 7
111 116 4
111 124 9
111 126 5
111 129 5
111 145 6
111 146 3
111 152 8
111 156 6
111 161 9
111 189 2
111 197 3
112 15 2
112 29 4
112 30 3
112 32 2
112 37 2
112 82 1
112 84 4
112 114 9
112 119 5
112 124 4
112 147 3
112 150 4
112 160 5
112 169 6
112 174 8
112 183 4
112 189 9
112 196 7
113 19 1
113 21 5
113 28 1
113 36 9
113 41 8
113 51 5
113 54 1
113 64 2
113 70 8
113 77 2
113 91 3
113 95 9
113 96 4
113 109 1
113 125 3
113 137 1
113 142 3
113 155 8
113 174 4
113 183 1
113 194 2
114 23 2
114 27 9
114 58 1
114 66 4
114 72 9
114 74 4
114 76 9
114 90 3
114 97 6
114 105 8
114 106 6
114 108 2
114 110 3
114 114 5
114 119 6
114 135 1
114 157 8
114 159 3
114 172 4
114 173 9
114 182 1
114 186 1
114 193 4
114 198 3
115 1 8
115 6 8
115 13 9
115 18 4
115 26 9
115 30 7
115 31 5
115 43 1
115 47 9
115 50 1
115 65 4
115 82 1
115 89 3
115 95 1
115 96 7
115 98 4
115 102 9
115 115 7
115 120 7
115 121 4
115 138 9
115 141 6
115 156 9
115 157 4
115 166 2
116 7 6
116 28 5
116 45 9
116 62 2
116 83 3
116 84 3
116 85 9
116 93 4
116 102 1
116 109 5
116 117 5
116 118 7
116 119 9
116 140 4
116 142 1
116 161 6
116 165 3
117 15 3
117 25 2
117 26 6
117 31 8
117 51 1
117 55 4
117 66 8
117 73 8
117 78 3
117 94 9
117 105 8
117 121 3
117 138 5
117 147 7
117 156 5
117 162 2
117 189 2
118 15 7
118 26 7
118 36 1
118 49 4
118 79 1
118 96 5
118 102 9
118 104 8
118 113 4
118 127 6
118 141 4
118 145 2
118 149 1
118 152 8
118 154 3
118 174 4
118 183 4
118 189 8
118 196 8
118 197 6
119 2 6
119 6 1
119 9 4
119 16 8
119 22 3
119 28 5
119 33 6
119 48 3
119 50 4
119 80 6
119 93 9
119 114 6
119 117 9
119 120 8
119 133 6
119 143 9
119 144 9
119 148 4
119 158 1
119 159 1
119 167 1
119 176 6
119 186 4
119 197 8
120 15 6
120 17 1
120 19 3
120 22 3
120 24 3
120 48 1
120 54 8
120 57 2
120 58 1
120 62 5
120 74 2
120 78 6
120 82 5
120 97 9
120 101 3
120 109 3
120 127 6
120 137 1
120 151 9
120 153 9
120 154 9
120 155 6
120 170 1
120 175 5
120 177 5
121 3 4
121 4 3
121 11 8
121 13 6
121 15 6
121 16 6
121 47 5
121 56 9
121 68 6
121 74 7
121 80 9
121 95 9
121 112 6
121 113 2
121 133 9
121 138 2
121 139 5
121 144 7
121 145 9
121 154 8
121 160 5
121 168 5
121 169 3
121 176 6
121 187 6
122 3 5
122 9 8
122 13 1
122 23 3
122 27 1
122 41 7
122 42 7
122 47 6
122 63 6
122 79 6
122 88 8
122 89 3
122 93 7
122 103 1
122 131 6
122 143 9
122 163 8
122 182 3
122 184 5
122 188 5
122 196 9
123 2 8
123 10 5
123 15 1
123 19 3
123 27 8
123 28 9
123 44 2
123 61 4
123 62 2
123 69 8
123 85 6
123 88 8
123 91 8
123 101 4
123 116 6
123 126 9
123 147 4
123 165 8
123 167 4
123 184 9
123 194 7
123 197 2
123 198 7
123 199 3
124 16 6
124 20 6
124 28 8
124 31 8
124 33 5
124 46 3
124 87 5
124 96 1
124 99 5
124 100 1
124 106 1
124 107 5
124 111 4
124 129 7
124 132 7
124 137 8
124 141 9
124 152 7
124 160 1
124 166 2
124 173 3
124 198 2
125 27 4
125 28 5
125 30 1
125 35 3
125 36 3
125 49 4
125 66 6
125 72 7
125 77 4
125 89 3
125 124 3
125 126 6
125 129 2
125 141 9
125 148 7
125 153 8
125 159 9
125 168 9
125 176 3
125 193 3
126 12 8
126 15 1
126 16 4
126 24 1
126 25 8
126 41 9
126 48 2
126 49 3
126 59 1
126 65 2
126 75 9
126 77 7
126 82 8
126 106 3
126 110 8
126 111 4
126 118 8
126 123 8
126 134 8
126 139 1
126 144 8
126 147 4
126 158 4
126 171 6
126 175 7
126 186 1
126 193 7
127 20 1
127 22 5
127 29 4
127 38 3
127 40 1
127 56 5
127 57 9
127 70 1
127 76 9
127 79 6
127 91 8
127 113 7
127 127 6
127 141 8
127 153 3
127 186 5
127 192 4
128 3 7
128 7 7
128 12 5
128 14 2
128 28 8
128 41 4
128 45 8
128 53 9
128 54 9
128 55 2
128 66 1
128 70 9
128 78 8
128 87 6
128 89 3
128 94 3
128 105 4
128 126 1
128 139 7
128 140 4
128 152 2
128 170 2
128 199 3
129 2 9
129 6 8
129 13 7
129 37 7
129 50 4
129 55 9
129 91 3
129 105 2
129 107 5
129 122 8
129 146 7
129 148 6
129 159 5
129 163 3
129 168 6
129 171 7
129 182 4
129 194 7
129 197 4
130 2 8
130 4 8
130 18 5
130 31 1
130 33 8
130 34 9
130 64 1
130 73 9
130 85 5
130 88 6
130 89 7
130 92 5
130 109 5
130 125 1
130 127 5
130 133 8
130 137 9
130 139 7
130 140 5
130 141 7
130 142 5
130 143 2
130 146 2
130 154 6
130 169 5
130 176 7
130 180 4
130 190 4
131 11 8
131 25 8
131 29 9
131 52 1
131 84 5
131 102 4
131 111 9
131 120 7
131 129 1
131 133 5
131 154 7
131 155 5
131 161 9
131 169 9
131 171 5
131 182 8
131 185 3
131 188 7
131 197 6
132 5 1
132 13 1
132 20 6
132 38 2
132 39 7
132 68 7
132 72 5
132 105 9
132 110 7
132 123 2
132 128 4
132 137 3
132 138 9
132 139 3
132 145 5
132 148 1
132 153 2
132 156 8
132 160 8
132 161 2
132 163 9
132 174 1
132 180 5
133 10 9
133 24 1
133 29 2
133 34 8
133 45 6
133 48 6
133 52 9
133 70 8
133 79 3
133 80 8
133 81 9
133 89 4
133 94 3
133 101 5
133 108 8
133 109 3
133 124 6
133 139 7
133 141 4
133 148 8
133 153 2
133 161 4
133 165 2
133 173 7
133 178 6
133 190 2
134 0 5
134 3 6
134 5 1
134 12 5
134 16 8
134 46 4
134 55 3
134 74 8
134 81 3
134 90 4
134 97 3
134 126 6
134 144 7
134 152 1
134 158 4
134 160 9
134 165 3
134 167 1
134 168 5
134 170 9
134 173 1
135 10 5
135 11 8
135 20 5
135 27 5
135 61 8
135 69 4
135 72 6
135 83 6
135 116 5
135 123 8
135 135 2
135 139 3
135 147 7
135 149 4
135 159 5
135 160 2
135 165 2
135 168 3
135 181 9
135 182 4
135 194 9
135 199 4
136 0 8
136 11 6
136 17 4
136 18 4
136 23 9
136 33 4
136 41 7
136 53 1
136 92 2
136 93 7
136 107 9
136 118 2
136 121 1
136 126 8
136 127 2
136 143 1
136 146 8
136 161 7
136 168 4
136 170 6
136 176 8
136 197 3
136 199 2
137 9 9
137 15 6
137 17 5
137 24 5
137 26 3
137 28 3
137 35 2
137 40 7
137 41 5
137 42 9
137 52 3
137 59 7
137 68 2
137 88 7
137 102 1
137 123 6
137 125 9
137 130 6
137 133 6
137 146 5
137 170 6
137 178 8
137 179 8
138 5 2
138 34 2
138 38 5
138 57 2
138 59 2
138 64 5
138 66 9
138 85 7
138 96 4
138 99 9
138 100 5
138 107 8
138 111 5
138 112 3
138 115 2
138 118 5
138 119 9
138 138 2
138 141 6
138 148 9
138 152 4
138 157 2
138 169 6
138 170 9
138 171 3
138 178 7
138 185 1
139 6 9
139 25 7
139 38 8
139 44 2
139 55 4
139 76 4
139 95 6
139 114 3
139 117 7
139 128 1
139 133 7
139 135 6
139 145 1
139 154 5
139 156 5
139 164 7
139 179 2
140 12 6
140 18 6
140 33 5
140 37 3
140 40 4
140 42 8
140 50 2
140 51 8
140 57 1
140 59 4
140 83 9
140 97 8
140 100 8
140 103 7
140 105 5
140 114 4
140 119 8
140 126 7
140 129 6
140 131 7
140 134 6
140 138 3
140 154 2
140 167 8
140 175 5
140 176 9
140 184 5
140 187 3
141 3 5
141 8 6
141 25 2
141 27 8
141 46 3
141 51 2
141 55 4
141 76 6
141 83 5
141 99 1
141 101 3
141 118 9
141 147 3
141 148 7
141 164 4
141 169 4
141 173 6
141 193 8
142 2 8
142 8 6
142 9 5
142 14 2
142 17 3
142 21 5
142 35 6
142 37 3
142 45 2
142 47 8
142 48 6
142 56 7
142 61 5
142 62 6
142 64 1
142 67 1
142 76 3
142 89 1
142 92 2
142 102 6
142 108 5
142 109 8
142 122 9
142 125 8
142 145 5
142 152 8
142 153 5
142 160 9
142 163 2
142 171 8
142 178 9
142 187 7
142 191 7
143 4 4
143 14 8
143 59 9
143 65 6
143 95 4
143 114 9
143 115 9
143 117 5
143 118 1
143 125 2
143 133 2
143 150 2
143 151 4
143 170 5
143 183 9
143 193 4
143 194 1
143 195 4
143 198 7
144 10 3
144 21 3
144 31 5
144 43 8
144 46 5
144 61 9
144 62 3
144 70 2
144 74 6
144 79 1
144 80 4
144 85 1
144 89 6
144 90 2
144 103 6
144 104 6
144 109 1
144 134 7
144 140 4
144 152 5
144 179 2
144 181 4
144 197 1
145 37 5
145 61 5
145 84 3
145 85 9
145 87 2
145 92 5
145 100 1
145 106 5
145 116 9
145 185 5
145 194 2
146 4 6
146 13 2
146 15 7
146 30 3
146 33 2
146 39 7
146 52 1
146 63 5
146 69 9
146 76 1
146 79 3
146 91 3
146 99 2
146 103 7
146 126 9
146 141 6
146 146 7
146 147 3
146 157 3
146 159 1
146 168 1
146 171 7
146 172 8
146 175 2
146 199 6
147 7 2
147 15 5
147 22 3
147 30 9
147 34 2
147 52 2
147 60 3
147 61 7
147 64 2
147 70 4
147 72 2
147 73 2
147 91 5
147 110 8
147 120 7
147 122 7
147 126 2
147 148 1
147 151 4
147 164 5
147 171 5
147 172 2
147 176 3
147 192 5
147 194 2
148 0 3
148 3 8
148 5 8
148 14 6
148 37 6
148 62 7
148 69 6
148 71 1
148 81 6
148 87 3
148 125 2
148 131 3
148 161 2
148 165 7
148 167 1
148 168 1
148 170 1
148 181 4
148 190 6
149 1 8
149 3 4
149 11 7
149 15 1
149 57 7
149 58 1
149 59 6
149 60 2
149 61 8
149 70 9
149 85 5
149 88 1
149 111 3
149 115 5
149 119 1
149 132 2
149 137 8
149 138 1
149 145 8
149 149 5
149 161 4
149 164 1
149 178 6
149 190 3
150 6 4
150 18 6
150 28 6
150 29 4
150 31 7
150 37 9
150 39 2
150 52 3
150 59 4
150 60 8
150 75 2
150 81 5
150 83 7
150 103 4
150 104 7
150 109 9
150 126 4
150 130 9
150 132 2
150 142 6
150 144 8
150 148 9
150 158 6
150 164 8
150 166 7
150 169 4
150 172 5
150 181 9
151 2 3
151 12 1
151 19 8
151 37 7
151 64 2
151 67 8
151 70 2
151 74 4
151 75 8
151 77 9
151 79 9
151 83 5
151 102 9
151 108 5
151 110 5
151 118 3
151 128 1
151 133 3
151 134 6
151 140 8
151 143 1
151 156 5
151 160 1
151 170 4
151 178 3
151 189 6
151 197 1
152 0 5
152 6 3
152 12 1
152 14 9
152 16 2
152 20 8
152 37 9
152 44 5
152 50 6
152 72 9
152 77 3
152 99 6
152 100 1
152 111 5
152 125 6
152 156 2
152 160 6
152 173 3
152 181 8
152 183 4
152 184 7
152 199 8
153 8 5
153 12 3
153 22 5
153 24 6
153 25 3
153 26 6
153 42 4
153 51 7
153 92 1
153 97 8
153 99 9
153 101 5
153 114 3
153 123 6
153 136 4
153 143 6
153 146 8
153 199 9
154 0 6
154 8 1
154 23 9
154 28 5
154 29 1
154 37 7
154 40 8
154 61 6
154 77 3
154 80 8
154 81 1
154 95 8
154 98 3
154 125 3
154 140 6
154 152 8
154 156 3
154 183 7
154 187 3
154 198 6
155 2 4
155 3 8
155 8 1
155 14 4
155 24 5
155 29 6
155 33 8
155 49 6
155 50 4
155 51 1
155 54 6
155 58 7
155 64 1
155 66 2
155 75 6
155 76 4
155 88 7
155 101 8
155 124 1
155 136 5
155 138 7
155 146 4
155 149 9
155 152 3
155 161 4
155 162 7
155 189 3
155 190 9
156 0 9
156 23 5
156 25 5
156 30 9
156 36 8
156 59 4
156 90 2
156 120 4
156 122 3
156 128 2
156 136 3
156 137 7
156 141 9
156 142 9
156 143 9
156 153 2
156 158 3
156 165 9
156 166 2
156 167 4
156 171 8
156 199 4
157 15 1
157 28 3
157 29 9
157 46 4
157 51 8
157 52 5
157 59 7
157 64 2
157 65 9
157 66 8
157 78 8
157 88 4
157 89 3
157 98 9
157 100 8
157 114 1
157 115 1
157 134 3
157 137 4
157 147 8
157 150 3
157 153 8
157 165 7
157 166 1
157 179 4
157 190 8
157 195 2
157 197 8
158 1 6
158 8 8
158 9 8
158 13 8
158 26 6
158 47 9
158 68 4
158 88 3
158 99 1
158 100 4
158 102 3
158 103 4
158 105 5
158 108 1
158 126 2
158 134 3
158 146 6
158 151 2
158 185 2
159 5 6
159 10 8
159 39 1
159 49 6
159 59 7
159 62 8
159 65 4
159 66 2
159 74 9
159 99 3
159 100 8
159 107 1
159 111 1
159 112 4
159 116 8
159 129 6
159 130 5
159 132 1
159 141 7
159 166 1
159 183 2
159 189 9
160 15 1
160 29 2
160 44 3
160 58 6
160 68 7
160 79 5
160 89 5
160 94 1
160 111 1
160 114 6
160 123 6
160 125 5
160 135 4
160 165 8
160 178 5
161 2 8
161 10 7
161 13 2
161 15 2
161 16 2
161 25 8
161 32 9
161 35 3
161 36 8
161 40 4
161 44 9
161 59 6
161 78 4
161 91 9
161 94 3
161 119 9
161 160 3
161 162 9
161 163 9
161 165 7
161 172 6
161 179 4
161 190 1
161 191 3
162 0 8
162 1 2
162 11 4
162 27 2
162 31 7
162 52 5
162 55 9
162 56 7
162 57 4
162 63 4
162 87 1
162 104 6
162 106 1
162 143 7
162 145 5
162 152 7
162 153 6
162 179 4
162 182 6
163 4 3
163 12 2
163 21 4
163 23 1
163 26 3
163 28 3
163 31 7
163 32 6
163 33 5
163 36 4
163 44 4
163 54 1
163 66 9
163 93 9
163 101 8
163 109 7
163 115 4
163 116 7
163 122 6
163 143 2
163 146 3
163 147 5
163 148 9
163 154 9
163 155 2
163 184 9
163 186 9
164 1 8
164 6 7
164 8 1
164 11 9
164 13 3
164 20 7
164 23 7
164 24 3
164 33 7
164 48 8
164 64 4
164 71 2
164 74 4
164 85 2
164 93 2
164 135 5
164 137 4
164 139 5
164 151 3
164 156 2
164 162 5
164 171 9
164 189 8
164 194 8
165 11 7
165 25 3
165 26 8
165 29 1
165 38 4
165 53 2
165 57 4
165 59 9
165 77 3
165 108 7
165 113 4
165 119 4
165 139 6
165 141 8
165 151 2
165 155 9
165 172 6
165 183 2
165 187 4
165 195 4
165 196 6
166 8 1
166 21 5
166 22 1
166 27 5
166 32 1
166 62 1
166 67 3
166 70 7
166 117 2
166 133 1
166 157 1
166 172 2
166 182 6
166 188 3
166 193 9
167 10 8
167 11 4
167 22 7
167 28 2
167 37 2
167 50 5
167 64 9
167 68 7
167 73 3
167 94 7
167 101 6
167 137 9
167 184 1
167 185 5
167 188 1
167 196 8
167 199 8
168 10 2
168 19 4
168 42 8
168 67 8
168 75 6
168 76 2
168 85 4
168 92 5
168 108 2
168 114 6
168 115 5
168 117 7
168 124 8
168 134 8
168 135 6
168 157 9
168 165 6
168 173 8
168 181 8
168 185 3
169 11 3
169 24 2
169 30 8
169 34 5
169 64 7
169 66 7
169 68 3
169 69 4
169 99 4
169 110 3
169 111 7
169 117 6
169 140 9
169 146 9
169 162 7
169 170 2
169 176 9
169 187 2
169 193 6
170 6 7
170 25 8
170 46 6
170 51 6
170 56 7
170 64 8
170 68 8
170 71 6
170 74 1
170 79 9
170 85 8
170 90 4
170 92 6
170 123 1
170 133 2
170 135 8
170 138 8
170 143 3
170 154 9
170 156 5
170 187 8
170 191 4
170 193 1
170 194 9
170 196 9
171 49 2
171 54 2
171 59 6
171 63 5
171 65 4
171 66 6
171 82 5
171 88 4
171 91 8
171 97 2
171 98 7
171 99 3
171 105 6
171 120 5
171 124 6
171 128 2
171 148 4
171 152 4
171 157 1
171 158 9
171 163 4
171 177 6
171 182 4
171 185 4
171 187 4
171 191 4
171 192 4
171 198 1
172 5 5
172 37 4
172 38 2
172 50 4
172 97 4
172 101 6
172 105 5
172 122 6
172 137 5
172 142 7
172 143 6
172 154 6
172 187 3
172 193 3
172 194 7
172 196 1
173 11 6
173 16 2
173 27 5
173 41 3
173 43 1
173 47 5
173 52 9
173 57 4
173 65 3
173 67 1
173 101 2
173 108 1
173 120 5
173 124 7
173 131 8
173 136 5
173 139 9
173 158 9
173 162 1
173 166 7
173 175 7
173 178 6
173 192 2
174 22 8
174 35 5
174 43 1
174 57 3
174 71 2
174 92 7
174 103 8
174 110 7
174 112 6
174 114 9
174 128 3
174 132 3
174 165 9
174 169 7
174 176 3
174 177 9
174 179 2
174 182 7
174 184 8
174 185 4
174 196 4
175 6 4
175 7 1
175 15 5
175 19 3
175 20 6
175 52 7
175 66 7
175 78 4
175 96 5
175 102 1
175 103 1
175 106 8
175 123 2
175 129 2
175 173 9
175 179 3
175 182 3
175 184 1
176 16 2
176 45 6
176 49 7
176 50 9
176 54 5
176 57 1
176 72 3
176 76 2
176 86 5
176 87 2
176 94 1
176 96 5
176 106 5
176 107 5
176 115 5
176 144 8
176 148 7
176 165 2
176 175 1
176 176 5
176 182 6
176 189 1
176 191 8
177 16 5
177 35 6
177 38 6
177 55 2
177 60 4
177 69 1
177 73 7
177 86 8
177 108 5
177 119 3
177 126 4
177 148 7
177 149 9
177 156 7
178 4 4
178 26 9
178 29 1
178 31 1
178 35 2
178 38 1
178 41 2
178 47 8
178 69 3
178 77 3
178 91 4
178 96 4
178 97 9
178 105 1
178 130 4
178 133 7
178 136 3
178 142 2
178 184 1
178 192 6
178 198 5
179 4 3
179 7 9
179 22 8
179 24 8
179 34 2
179 43 3
179 45 2
179 77 9
179 84 9
179 85 1
179 97 8
179 100 9
179 103 2
179 124 5
179 134 7
179 154 7
179 161 5
179 169 7
179 183 4
179 187 1
179 188 9
179 196 9
180 2 2
180 18 8
180 22 4
180 25 7
180 68 9
180 69 4
180 74 4
180 76 9
180 83 4
180 91 6
180 103 5
180 115 4
180 121 1
180 128 7
180 150 2
180 157 9
180 166 6
180 175 2
180 178 1
180 180 8
180 182 1
181 3 3
181 5 9
181 12 4
181 23 1
181 29 7
181 64 7
181 88 4
181 103 7
181 110 1
181 115 6
181 118 2
181 136 4
181 142 1
181 151 5
181 157 4
181 178 8
181 185 2
181 199 4
182 5 7
182 9 3
182 17 3
182 22 6
182 25 8
182 28 6
182 30 9
182 31 3
182 48 6
182 50 5
182 53 1
182 55 5
182 63 4
182 66 4
182 97 9
182 100 2
182 117 1
182 123 4
182 129 7
182 143 1
182 146 3
182 154 2
182 163 1
182 166 5
182 173 5
182 186 1
182 199 4
183 0 3
183 5 5
183 24 4
183 25 4
183 36 8
183 42 2
183 48 7
183 57 3
183 77 7
183 78 9
183 83 6
183 88 2
183 89 8
183 105 8
183 107 4
183 150 1
183 162 6
183 198 6
184 0 1
184 11 7
184 20 4
184 27 2
184 37 3
184 39 4
184 44 7
184 55 4
184 71 5
184 72 9
184 81 1
184 84 4
184 99 8
184 104 3
184 118 9
184 139 7
184 145 6
184 148 4
184 150 3
184 152 7
184 159 5
184 162 4
184 173 9
184 180 3
184 193 1
185 3 2
185 25 4
185 51 9
185 56 4
185 64 1
185 65 5
185 74 1
185 92 8
185 95 9
185 113 2
185 161 3
185 167 9
185 168 7
185 195 2
186 11 1
186 42 3
186 70 3
186 73 6
186 82 5
186 83 5
186 84 7
186 86 4
186 95 6
186 96 7
186 108 3
186 112 4
186 127 3
186 136 8
186 139 8
186 151 7
186 160 8
186 171 8
186 179 7
186 197 7
187 6 1
187 38 2
187 42 9
187 57 2
187 60 1
187 65 2
187 78 6
187 116 9
187 117 6
187 127 4
187 131 9
187 146 7
187 178 7
187 179 7
187 187 2
187 198 5
187 199 1
188 1 4
188 4 6
188 5 9
188 20 8
188 23 7
188 36 2
188 38 6
188 55 1
188 68 1
188 72 2
188 85 2
188 90 5
188 95 2
188 105 9
188 115 5
188 118 3
188 128 8
188 132 3
188 135 9
188 147 2
188 148 5
188 151 8
188 173 2
188 175 1
188 177 3
188 181 5
188 182 8
188 192 2
188 199 6
189 1 3
189 3 7
189 8 7
189 10 5
189 16 2
189 46 4
189 54 9
189 56 9
189 60 2
189 77 9
189 91 8
189 94 4
189 95 9
189 97 8
189 105 3
189 120 8
189 148 3
189 154 9
189 159 2
189 176 7
189 180 1
190 0 1
190 2 2
190 13 6
190 19 1
190 24 4
190 33 5
190 39 5
190 47 9
190 82 6
190 101 9
190 108 7
190 125 5
190 136 2
190 138 4
190 143 8
190 148 7
190 161 2
190 174 9
190 181 6
190 187 4
190 188 5
190 195 6
190 197 5
191 24 8
191 30 3
191 38 5
191 60 3
191 67 9
191 68 4
191 97 4
191 100 6
191 109 1
191 135 7
191 140 1
191 144 3
191 150 7
191 155 2
191 173 8
191 174 2
191 183 6
191 197 4
192 47 1
192 53 9
192 98 3
192 110 2
192 113 3
192 118 9
192 132 3
192 136 2
192 144 2
192 147 8
192 153 3
192 156 1
192 169 9
192 177 3
192 181 7
193 0 5
193 11 4
193 36 8
193 48 7
193 51 6
193 57 6
193 76 9
193 77 3
193 81 2
193 85 8
193 94 9
193 96 1
193 98 4
193 118 3
193 134 7
193 138 1
193 142 8
193 165 2
193 167 6
193 189 2
193 192 6
193 199 6
194 10 5
194 15 2
194 16 4
194 18 8
194 19 6
194 50 2
194 52 8
194 55 8
194 58 7
194 63 3
194 66 7
194 77 5
194 79 2
194 83 9
194 87 1
194 92 2
194 96 6
194 111 2
194 112 6
194 119 9
194 130 6
194 142 9
194 147 3
194 151 6
194 162 8
194 182 3
194 183 9
194 188 2
195 9 1
195 17 1
195 22 9
195 24 6
195 25 9
195 26 4
195 29 5
195 30 1
195 31 3
195 43 5
195 46 5
195 65 7
195 71 4
195 75 3
195 85 9
195 94 4
195 96 3
195 102 2
195 110 5
195 120 6
195 135 6
195 143 9
195 160 1
195 174 3
195 184 5
195 190 7
195 191 1
195 195 8
196 9 9
196 12 6
196 17 9
196 19 5
196 24 3
196 36 8
196 39 3
196 41 7
196 42 2
196 50 5
196 71 5
196 81 8
196 85 3
196 93 9
196 108 4
196 132 4
196 136 1
196 153 3
196 189 3
196 194 7
196 196 3
196 198 4
196 199 9
197 0 6
197 12 1
197 26 7
197 46 1
197 49 6
197 51 3
197 58 6
197 85 1
197 90 6
197 94 7
197 95 9
197 99 9
197 112 6
197 115 9
197 131 7
197 138 5
197 142 6
197 172 6
197 177 9
198 16 2
198 17 9
198 24 4
198 27 3
198 31 2
198 35 9
198 37 1
198 59 4
198 70 4
198 73 1
198 83 3
198 85 4
198 88 7
198 95 4
198 104 9
198 108 8
198 118 4
198 120 1
198 122 6
198 123 4
198 138 2
198 149 5
198 152 5
198 154 7
198 155 3
198 182 5
198 186 3
199 14 9
199 15 6
199 16 6
199 21 3
199 23 5
199 40 1
199 48 1
199 53 1
199 54 8
199 92 9
199 93 2
199 98 3
199 108 1
199 124 2
199 139 1
199 141 4
199 151 1
199 188 3
199 193 8
200 20 4
200 22 2
200 48 2
200 63 4
200 69 3
200 98 9
200 117 1
200 122 2
200 124 1
200 125 7
200 130 9
200 135 6
200 137 8
200 141 6
200 148 3
200 149 2
200 173 5
200 178 4
200 179 9
200 191 4
200 197 9
201 2 3
201 24 7
201 28 9
201 29 9
201 31 8
201 40 2
201 55 2
201 67 6
201 73 9
201 75 2
201 79 2
201 87 9
201 98 9
201 113 7
201 116 9
201 121 3
201 123 4
201 125 4
201 137 5
201 175 9
202 12 8
202 15 7
202 38 3
202 39 5
202 46 8
202 50 7
202 52 9
202 59 9
202 63 9
202 65 8
202 77 2
202 78 5
202 81 8
202 87 7
202 102 9
202 103 8
202 123 5
202 128 1
202 129 2
202 137 2
202 141 1
202 149 1
202 150 5
202 157 8
202 158 8
202 178 1
202 179 7
202 183 5
203 5 1
203 9 2
203 26 6
203 29 7
203 32 1
203 36 4
203 41 1
203 46 6
203 57 1
203 62 5
203 71 9
203 93 8
203 106 9
203 113 8
203 118 8
203 135 6
203 137 2
203 141 6
203 144 5
203 170 1
203 177 7
203 190 4
204 42 5
204 43 2
204 55 7
204 59 9
204 61 1
204 65 2
204 71 2
204 76 9
204 79 2
204 82 3
204 83 3
204 88 2
204 98 1
204 100 1
204 109 4
204 112 6
204 156 4
204 165 4
204 181 3
204 190 6
204 196 8
205 0 3
205 1 9
205 2 1
205 18 1
205 19 5
205 27 5
205 34 1
205 45 5
205 46 8
205 50 9
205 51 4
205 53 3
205 56 9
205 58 7
205 59 8
205 69 5
205 76 7
205 92 4
205 98 7
205 122 6
205 128 1
205 130 5
205 134 9
205 138 5
205 143 3
205 144 3
205 146 3
205 172 4
205 178 1
205 182 3
206 7 1
206 25 6
206 29 9
206 37 2
206 42 5
206 43 4
206 61 6
206 63 6
206 76 3
206 82 6
206 110 9
206 122 1
206 135 5
206 147 9
206 168 9
206 172 2
206 175 3
206 176 7
206 183 9
206 185 8
206 187 9
207 11 6
207 15 2
207 21 9
207 23 4
207 28 4
207 38 7
207 48 7
207 50 2
207 58 4
207 61 7
207 78 3
207 98 2
207 100 6
207 124 5
207 129 2
207 130 2
207 131 7
207 136 4
207 143 5
207 147 7
207 155 9
207 162 9
207 165 3
207 185 2
207 186 6
208 10 4
208 47 6
208 50 5
208 96 5
208 101 2
208 128 6
208 137 5
208 139 7
208 140 7
208 141 1
208 142 5
208 143 9
208 145 2
208 151 8
208 164 4
208 166 7
208 167 2
209 9 5
209 30 4
209 49 3
209 61 4
209 79 7
209 94 9
209 109 2
209 111 3
209 116 3
209 117 9
209 139 1
209 145 2
209 154 8
209 166 2
209 172 8
209 178 2
209 183 1
209 189 9
209 194 6
210 10 4
210 13 7
210 23 6
210 26 3
210 28 6
210 34 9
210 37 1
210 44 6
210 55 4
210 60 2
210 80 1
210 82 3
210 89 1
210 95 9
210 116 4
210 135 7
210 139 6
210 147 3
210 151 5
210 154 7
210 159 2
210 160 3
210 162 8
210 163 1
210 167 8
210 168 9
210 174 8
210 194 2
211 19 3
211 34 8
211 53 9
211 63 9
211 82 7
211 85 9
211 86 7
211 98 1
211 104 4
211 113 8
211 126 3
211 128 1
211 133 4
211 144 1
211 157 2
211 180 3
211 184 2
211 187 9
212 3 1
212 28 2
212 55 8
212 75 8
212 81 9
212 82 2
212 91 7
212 96 2
212 99 5
212 104 7
212 114 9
212 128 3
212 129 1
212 147 2
212 178 4
212 180 6
212 197 6
213 12 1
213 16 8
213 21 3
213 22 5
213 23 5
213 31 4
213 33 4
213 34 3
213 38 2
213 41 6
213 46 8
213 50 9
213 57 5
213 62 7
213 76 6
213 90 3
213 91 2
213 98 6
213 105 4
213 125 5
213 133 8
213 158 5
213 161 5
213 184 6
213 185 4
213 187 1
214 0 1
214 15 7
214 26 9
214 29 1
214 31 9
214 50 6
214 77 3
214 89 2
214 90 8
214 95 1
214 98 6
214 101 4
214 106 5
214 108 7
214 112 2
214 118 8
214 120 1
214 129 1
214 145 4
214 185 5
214 197 1
215 22 1
215 31 6
215 38 5
215 42 3
215 61 8
215 76 5
215 86 8
215 90 1
215 94 9
215 95 6
215 110 5
215 112 4
215 134 1
215 136 8
215 142 9
215 148 7
215 154 1
215 160 4
215 181 1
215 184 2
215 185 8
216 35 1
216 38 3
216 46 5
216 59 3
216 61 4
216 63 7
216 68 5
216 73 6
216 75 1
216 84 7
216 94 6
216 99 8
216 100 3
216 104 3
216 115 1
216 123 4
216 130 5
216 132 8
216 135 4
216 138 4
216 147 1
216 153 9
216 155 3
216 166 9
216 168 3
216 190 7
216 197 4
217 7 4
217 15 8
217 46 1
217 51 3
217 56 7
217 66 3
217 92 6
217 95 4
217 117 2
217 139 3
217 148 6
217 151 6
217 156 4
217 159 4
217 163 1
217 169 6
217 171 2
218 8 5
218 23 8
218 27 2
218 28 9
218 32 3
218 43 4
218 44 5
218 46 9
218 47 5
218 51 2
218 53 5
218 68 1
218 73 8
218 78 4
218 83 6
218 85 8
218 87 3
218 90 5
218 94 8
218 106 5
218 108 5
218 109 8
218 120 8
218 128 5
218 132 2
218 147 6
218 158 7
218 160 4
218 165 7
218 172 5
218 174 6
218 179 8
218 188 1
218 190 5
219 7 3
219 14 3
219 46 4
219 58 9
219 64 8
219 85 1
219 101 5
219 124 5
219 126 6
219 133 1
219 148 6
219 154 4
219 173 3
219 183 9
220 19 6
220 28 6
220 41 6
220 43 1
220 49 2
220 55 3
220 58 8
220 59 1
220 61 5
220 85 2
220 100 7
220 117 4
220 120 3
220 121 2
220 139 5
220 167 3
220 185 5
220 194 4
220 195 9
220 196 1
221 7 7
221 42 6
221 52 1
221 58 5
221 61 6
221 68 3
221 96 8
221 98 7
221 100 3
221 106 3
221 114 6
221 120 7
221 131 2
221 133 9
221 135 9
221 158 6
221 175 2
221 176 7
221 177 3
221 183 7
221 188 9
221 190 2
222 20 6
222 61 9
222 62 9
222 63 4
222 70 4
222 74 5
222 93 5
222 94 1
222 102 4
222 105 3
222 130 6
222 147 2
222 149 7
222 160 7
222 173 5
222 179 2
222 196 3
223 2 8
223 5 8
223 11 5
223 21 4
223 35 4
223 54 5
223 63 2
223 64 6
223 67 3
223 68 6
223 71 2
223 72 6
223 76 4
223 77 8
223 83 6
223 97 1
223 104 5
223 106 7
223 107 5
223 109 7
223 127 4
223 136 7
223 140 5
223 146 8
223 150 7
223 151 8
223 156 1
223 162 4
223 170 5
223 174 5
223 176 2
223 178 3
223 187 5
223 196 6
223 197 6
224 4 4
224 10 8
224 12 7
224 14 8
224 23 7
224 31 6
224 37 8
224 38 8
224 40 1
224 50 2
224 70 1
224 80 3
224 83 8
224 100 9
224 115 6
224 124 6
224 132 9
224 133 2
224 137 6
224 145 1
224 154 6
224 177 4
224 197 9
225 0 3
225 14 8
225 15 4
225 19 9
225 22 4
225 34 8
225 45 5
225 49 6
225 61 6
225 63 2
225 65 1
225 78 4
225 81 7
225 86 7
225 87 5
225 122 9
225 175 3
225 180 8
226 3 3
226 10 5
226 25 8
226 43 4
226 51 7
226 63 4
226 91 8
226 115 1
226 116 4
226 127 2
226 132 1
226 133 3
226 142 2
226 157 7
226 171 8
227 4 6
227 15 3
227 23 3
227 24 3
227 41 9
227 65 8
227 71 3
227 76 4
227 83 2
227 94 1
227 96 2
227 111 8
227 114 3
227 126 8
227 133 8
227 142 8
227 147 8
227 163 1
227 172 3
227 184 9
228 15 6
228 33 6
228 40 5
228 62 1
228 72 6
228 74 7
228 96 7
228 109 2
228 137 2
228 148 4
228 159 8
228 161 3
228 163 7
228 168 3
228 178 2
228 179 2
229 3 5
229 23 2
229 25 5
229 32 4
229 43 1
229 51 1
229 54 1
229 59 4
229 92 4
229 93 8
229 94 6
229 95 3
229 115 3
229 117 8
229 135 5
229 146 7
229 149 9
229 154 4
229 164 3
229 165 2
229 188 2
230 3 4
230 7 7
230 8 5
230 13 4
230 24 6
230 32 3
230 36 7
230 38 4
230 45 5
230 46 6
230 52 3
230 67 2
230 79 4
230 96 7
230 99 4
230 104 1
230 111 2
230 115 5
230 119 9
230 147 3
230 149 6
230 165 5
230 167 9
230 176 2
230 181 2
230 187 5
230 189 7
230 191 3
230 195 4
231 18 2
231 43 2
231 59 7
231 60 4
231 83 2
231 97 6
231 100 9
231 105 6
231 126 9
231 176 5
231 194 6
231 196 6
232 4 3
232 9 7
232 25 4
232 29 5
232 45 5
232 55 2
232 58 6
232 64 4
232 65 5
232 92 6
232 115 2
232 121 3
232 131 5
232 148 4
232 169 8
232 170 2
232 174 2
232 192 4
233 39 2
233 54 8
233 56 9
233 67 3
233 70 8
233 73 9
233 95 5
233 103 6
233 104 4
233 108 7
233 111 8
233 121 6
233 126 5
233 134 9
233 148 2
233 149 2
233 158 4
233 176 7
234 8 1
234 26 1
234 31 2
234 37 7
234 38 1
234 47 9
234 56 8
234 89 9
234 97 9
234 105 5
234 112 8
234 113 1
234 115 5
234 120 6
234 159 1
234 161 1
234 171 1
234 187 5
234 197 9
234 198 7
235 1 7
235 10 4
235 17 3
235 20 9
235 59 1
235 65 5
235 78 3
235 85 3
235 90 1
235 91 9
235 93 5
235 100 8
235 102 9
235 114 8
235 116 1
235 130 4
235 136 5
235 143 4
235 159 3
235 172 5
235 188 8
235 191 6
236 33 2
236 44 4
236 59 2
236 61 8
236 62 4
236 72 1
236 82 4
236 101 8
236 149 6
236 156 2
236 170 3
236 182 3
236 184 8
237 6 5
237 43 2
237 52 2
237 60 2
237 67 4
237 75 6
237 81 7
237 91 8
237 110 6
237 113 6
237 121 3
237 158 1
237 161 5
237 169 4
237 195 8
237 197 4
237 198 6
238 5 5
238 19 1
238 34 8
238 36 4
238 40 3
238 48 3
238 51 6
238 55 1
238 58 9
238 59 9
238 61 9
238 82 6
238 88 8
238 93 7
238 98 9
238 113 2
238 115 8
238 121 4
238 134 4
238 136 4
238 141 5
238 148 6
238 156 5
238 161 7
238 166 1
238 172 8
238 175 1
238 178 5
238 182 9
238 183 4
238 196 8
239 3 3
239 5 9
239 6 6
239 11 6
239 16 9
239 33 6
239 36 2
239 40 7
239 41 3
239 44 3
239 57 6
239 75 6
239 91 7
239 94 7
239 111 2
239 140 9
239 142 1
239 146 7
239 149 7
239 177 9
239 181 6
239 184 1
239 193 4
239 194 7
239 196 8
239 198 3
240 2 9
240 7 8
240 18 9
240 19 7
240 36 7
240 41 7
240 48 4
240 62 8
240 69 8
240 92 3
240 93 1
240 99 9
240 118 4
240 120 6
240 122 7
240 125 1
240 137 6
240 141 3
240 149 7
240 155 4
240 156 6
240 159 4
240 179 3
240 183 2
240 187 6
240 194 8
241 9 2
241 13 1
241 26 2
241 27 3
241 40 6
241 52 3
241 53 1
241 54 6
241 63 7
241 74 9
241 81 2
241 92 4
241 109 6
241 123 5
241 124 4
241 126 7
241 129 4
241 137 2
241 145 9
241 151 7
241 155 9
241 157 3
241 158 2
241 163 3
241 164 9
241 175 9
241 179 3
241 181 1
241 190 1
242 1 9
242 3 1
242 6 1
242 14 7
242 38 7
242 50 9
242 65 6
242 78 1
242 115 2
242 124 7
242 128 2
242 132 7
242 147 9
242 149 4
242 157 3
242 163 4
242 176 9
242 193 7
242 197 3
243 3 9
243 5 3
243 7 5
243 14 4
243 18 7
243 27 8
243 43 1
243 46 3
243 47 7
243 48 9
243 61 4
243 71 6
243 80 4
243 96 9
243 100 2
243 101 1
243 102 9
243 107 9
243 113 8
243 131 8
243 151 6
243 177 3
243 180 3
244 0 6
244 10 1
244 12 4
244 30 2
244 41 2
244 61 5
244 64 6
244 65 9
244 68 2
244 72 4
244 74 7
244 96 4
244 121 5
244 131 2
244 134 8
244 155 7
244 160 5
244 163 5
244 185 5
244 196 8
245 0 5
245 7 3
245 8 9
245 10 6
245 12 3
245 23 2
245 25 8
245 32 6
245 43 3
245 48 6
245 57 9
245 59 2
245 63 8
245 78 9
245 90 9
245 95 1
245 100 9
245 102 1
245 107 8
245 115 3
245 125 7
245 137 8
245 148 6
245 160 1
245 165 8
245 169 5
245 172 7
245 184 7
245 189 5
246 8 6
246 17 2
246 25 4
246 28 1
246 37 8
246 38 3
246 57 8
246 63 4
246 77 2
246 84 8
246 104 2
246 107 2
246 118 3
246 126 1
246 128 6
246 146 3
246 153 6
246 154 5
246 157 8
246 161 5
246 165 9
246 172 9
246 182 4
246 186 4
246 189 6
246 197 6
247 9 4
247 11 2
247 21 8
247 30 2
247 32 6
247 38 2
247 54 2
247 70 6
247 76 7
247 119 1
247 122 5
247 126 5
247 135 1
247 176 8
247 187 3
247 193 7
248 1 6
248 3 9
248 15 8
248 16 3
248 20 8
248 21 4
248 24 2
248 25 8
248 27 7
248 47 2
248 50 9
248 76 3
248 86 4
248 109 9
248 116 8
248 127 1
248 149 9
248 160 3
248 169 9
248 191 8
249 0 4
249 8 2
249 20 2
249 40 9
249 45 3
249 53 8
249 55 4
249 72 9
249 86 1
249 87 3
249 103 8
249 107 6
249 117 2
249 130 8
249 133 6
249 142 9
249 145 5
249 146 1
249 165 1
249 169 6
249 176 3
249 188 9
249 196 1
250 1 4
250 22 4
250 36 7
250 84 7
250 94 5
250 115 4
250 119 8
250 123 5
250 143 9
250 145 7
250 149 2
250 155 2
250 195 5
250 196 6
251 1 6
251 6 4
251 10 8
251 21 1
251 23 1
251 45 6
251 54 3
251 55 1
251 88 5
251 89 1
251 94 7
251 104 7
251 114 3
251 118 3
251 126 7
251 129 8
251 138 6
251 141 3
251 154 9
251 160 4
251 164 5
251 188 4
251 193 3
251 194 3
252 15 8
252 32 6
252 52 8
252 67 9
252 75 7
252 88 5
252 91 5
252 99 3
252 101 2
252 106 1
252 108 1
252 112 7
252 115 5
252 119 8
252 128 9
252 131 9
252 134 5
252 141 5
252 150 1
252 152 6
252 161 5
252 168 8
252 169 7
252 185 5
252 199 9
253 5 9
253 8 9
253 10 2
253 36 6
253 50 6
253 51 4
253 54 8
253 67 7
253 74 1
253 81 4
253 90 7
253 92 4
253 102 3
253 147 5
253 175 8
253 179 8
253 187 7
253 194 7
254 33 2
254 51 4
254 92 2
254 119 5
254 126 6
254 132 6
254 141 9
254 169 3
254 184 9
254 189 1
254 194 9
255 21 5
255 43 5
255 48 1
255 67 2
255 81 2
255 100 8
255 119 8
255 124 6
255 136 3
255 151 9
255 167 9
255 174 9
255 185 9
255 190 5
255 195 4
255 196 8
256 7 6
256 16 5
256 23 9
256 39 4
256 71 5
256 88 4
256 90 1
256 93 2
256 125 4
256 131 6
256 143 3
256 145 7
256 150 6
256 152 8
256 163 7
256 177 9
256 187 4
256 197 6
256 198 6
257 19 6
257 29 8
257 38 4
257 45 2
257 49 8
257 72 5
257 84 3
257 86 6
257 92 8
257 99 5
257 116 9
257 126 4
257 148 6
257 150 1
257 152 9
257 156 9
257 173 5
257 185 8
257 186 9
257 188 9
257 199 9
258 7 3
258 11 2
258 22 9
258 34 1
258 42 5
258 54 5
258 63 2
258 68 6
258 75 1
258 90 8
258 99 4
258 106 9
258 108 3
258 129 5
258 170 1
258 172 9
258 188 5
258 194 8
259 24 4
259 29 5
259 33 9
259 36 1
259 72 2
259 75 4
259 76 9
259 84 2
259 87 6
259 107 9
259 119 8
259 128 6
259 133 6
259 142 5
259 154 5
259 169 6
259 170 9
260 12 3
260 16 5
260 18 9
260 27 5
260 30 6
260 32 8
260 36 4
260 38 7
260 43 2
260 45 7
260 70 5
260 84 6
260 92 6
260 115 4
260 117 2
260 127 2
260 134 7
260 142 7
260 166 4
260 176 6
260 198 5
261 11 2
261 14 6
261 16 6
261 21 2
261 30 3
261 34 6
261 39 9
261 41 1
261 44 6
261 46 8
261 51 1
261 77 5
261 79 7
261 82 5
261 86 3
261 106 1
261 116 7
261 121 7
261 124 3
261 125 4
261 136 5
261 140 2
261 145 7
261 155 2
261 157 6
261 179 9
261 183 6
262 0 2
262 9 7
262 11 4
262 13 9
262 28 3
262 29 9
262 52 3
262 59 2
262 107 4
262 117 2
262 127 5
262 150 1
262 153 8
262 167 3
262 175 3
262 178 2
262 182 3
262 192 1
263 36 3
263 38 6
263 42 2
263 51 2
263 56 1
263 63 5
263 64 9
263 66 9
263 88 3
263 118 7
263 130 8
263 135 2
263 142 9
263 158 9
263 162 2
263 169 6
263 170 6
263 172 8
263 180 4
263 182 3
263 186 7
264 8 1
264 11 7
264 12 6
264 14 9
264 32 7
264 35 4
264 47 8
264 49 6
264 52 5
264 69 9
264 90 9
264 95 9
264 114 3
264 132 7
264 138 8
264 139 6
264 144 9
264 154 5
264 164 6
264 165 7
264 167 3
264 168 6
264 178 3
264 187 7
264 192 9
265 0 7
265 11 6
265 23 7
265 25 6
265 29 3
265 78 1
265 80 7
265 96 8
265 105 8
265 106 8
265 107 7
265 123 9
265 137 1
265 139 9
265 141 6
265 146 1
266 2 4
266 39 3
266 56 9
266 61 1
266 68 6
266 83 6
266 120 3
266 128 7
266 140 1
266 141 8
266 143 4
266 190 5
267 0 3
267 38 6
267 55 9
267 83 8
267 87 8
267 103 5
267 105 3
267 143 1
267 147 6
267 163 7
267 174 8
267 182 2
267 189 9
267 194 9
268 1 2
268 48 4
268 59 9
268 64 3
268 79 3
268 86 1
268 107 2
268 114 7
268 125 5
268 129 3
268 131 9
268 135 2
268 140 1
268 142 3
268 147 2
268 149 8
268 152 6
268 167 8
268 182 3
268 183 7
268 197 2
269 8 1
269 19 5
269 49 3
269 60 6
269 61 8
269 65 9
269 71 7
269 77 9
269 94 9
269 108 9
269 116 4
269 149 4
269 156 1
269 160 5
269 165 5
269 167 2
269 183 4
270 0 7
270 8 5
270 16 2
270 32 8
270 42 7
270 59 6
270 69 4
270 77 6
270 90 2
270 96 9
270 100 7
270 105 1
270 117 7
270 137 3
270 138 9
270 141 3
270 145 5
270 158 7
270 165 8
270 167 4
270 168 1
270 179 2
270 187 4
271 1 7
271 8 2
271 10 3
271 19 1
271 27 1
271 47 2
271 56 1
271 65 7
271 78 7
271 100 6
271 105 5
271 117 3
271 118 9
271 126 5
271 157 7
271 165 6
271 166 8
271 180 5
271 187 6
271 188 7
271 191 1
271 197 5
272 2 8
272 5 3
272 6 3
272 7 8
272 45 8
272 53 6
272 55 2
272 63 6
272 69 5
272 74 1
272 77 4
272 89 3
272 98 4
272 104 9
272 113 2
272 138 2
272 171 9
272 177 5
272 197 9
273 2 3
273 3 9
273 9 3
273 42 4
273 43 5
273 45 8
273 55 8
273 57 8
273 67 9
273 75 2
273 77 9
273 79 6
273 83 1
273 87 5
273 88 7
273 113 9
273 116 2
273 121 6
273 139 4
273 177 3
273 180 7
273 181 2
273 189 9
274 11 8
274 17 5
274 24 6
274 35 5
274 59 5
274 60 7
274 72 6
274 85 5
274 87 3
274 89 1
274 96 3
274 98 7
274 101 5
274 117 9
274 126 8
274 130 6
274 131 6
274 135 2
274 138 2
274 156 6
274 157 3
274 161 2
274 169 7
274 170 8
274 172 1
274 174 7
274 176 4
274 177 8
274 182 2
274 186 6
274 188 3
275 2 3
275 6 5
275 11 4
275 22 8
275 24 8
275 26 8
275 30 3
275 44 3
275 50 2
275 52 9
275 56 4
275 59 1
275 72 9
275 94 9
275 118 7
275 126 4
275 128 9
275 138 7
275 145 7
275 149 8
275 152 2
275 154 5
275 187 4
275 190 9
275 191 4
276 15 7
276 21 1
276 25 9
276 36 7
276 54 1
276 56 9
276 65 4
276 77 4
276 85 4
276 96 8
276 103 6
276 104 8
276 106 1
276 112 9
276 116 7
276 120 7
276 126 6
276 128 9
276 145 8
276 147 6
276 157 2
276 163 7
276 172 9
276 178 2
276 181 8
276 196 8
276 198 9
277 1 7
277 20 2
277 21 5
277 22 3
277 28 5
277 35 6
277 38 3
277 42 5
277 49 1
277 61 6
277 65 5
277 84 6
277 96 1
277 100 2
277 103 3
277 127 8
277 148 2
277 152 1
277 158 7
277 164 5
277 175 9
277 187 9
278 11 3
278 12 3
278 18 2
278 23 9
278 27 4
278 36 9
278 42 5
278 43 5
278 56 6
278 67 8
278 80 7
278 83 3
278 99 2
278 103 1
278 112 5
278 113 3
278 114 8
278 128 3
278 137 5
278 140 2
278 164 5
278 180 9
278 192 9
278 193 5
279 4 3
279 9 2
279 10 8
279 11 4
279 20 6
279 21 7
279 27 4
279 35 6
279 53 6
279 58 4
279 61 7
279 65 1
279 72 4
279 74 1
279 84 7
279 91 8
279 98 7
279 113 6
279 118 4
279 125 9
279 162 9
279 166 4
279 170 2
279 176 6
279 177 3
279 197 2
280 3 5
280 4 5
280 8 9
280 13 4
280 16 9
280 23 8
280 27 2
280 39 3
280 40 2
280 56 1
280 62 1
280 64 3
280 76 2
280 81 2
280 84 1
280 105 1
280 106 3
280 122 1
280 127 9
280 131 8
280 139 3
280 140 7
280 145 3
280 154 1
280 164 1
280 174 4
281 10 9
281 16 8
281 26 9
281 65 5
281 76 3
281 79 8
281 89 6
281 103 3
281 104 7
281 105 2
281 109 9
281 112 6
281 118 4
281 120 2
281 126 1
281 133 2
281 140 8
281 146 2
281 155 6
281 163 6
281 174 1
281 178 5
281 188 7
281 189 4
281 192 5
281 196 1
282 10 1
282 30 8
282 32 4
282 48 8
282 67 8
282 72 1
282 114 8
282 116 8
282 124 1
282 139 5
282 148 9
282 169 6
282 176 7
282 178 6
282 182 5
282 184 1
282 188 2
283 4 4
283 7 8
283 13 7
283 23 3
283 48 4
283 51 3
283 81 9
283 105 1
283 115 2
283 118 9
283 121 3
283 128 6
283 133 1
283 141 4
283 148 3
283 159 5
283 173 4
283 183 2
283 187 2
283 188 9
283 198 3
284 0 1
284 2 9
284 5 8
284 17 7
284 37 9
284 41 1
284 46 5
284 51 1
284 54 4
284 76 5
284 82 9
284 87 6
284 92 5
284 98 5
284 104 4
284 116 2
284 122 2
284 124 3
284 125 4
284 131 6
284 138 2
284 146 6
284 156 2
284 161 5
284 169 9
284 171 5
284 172 6
284 188 9
284 192 3
285 1 3
285 4 2
285 9 7
285 14 9
285 16 9
285 29 3
285 44 8
285 45 4
285 64 5
285 68 9
285 70 2
285 77 3
285 100 3
285 114 3
285 121 1
285 123 2
285 149 1
285 157 3
285 175 2
285 191 6
285 195 9
286 16 4
286 29 2
286 31 9
286 35 8
286 43 4
286 62 9
286 65 6
286 101 6
286 113 2
286 134 1
286 145 1
286 153 6
286 155 2
286 156 1
286 162 5
286 176 9
286 189 5
286 195 1
287 5 2
287 35 8
287 45 3
287 49 2
287 54 5
287 58 4
287 65 1
287 73 7
287 91 6
287 96 2
287 98 1
287 114 2
287 123 1
287 133 1
287 134 4
287 167 5
287 169 5
288 12 5
288 22 2
288 35 9
288 39 7
288 69 6
288 75 7
288 81 5
288 92 8
288 120 5
288 121 1
288 151 5
288 159 9
288 165 8
288 167 3
288 183 7
289 16 6
289 20 7
289 25 9
289 30 6
289 32 3
289 35 3
289 46 9
289 51 6
289 53 9
289 73 3
289 77 8
289 85 8
289 97 7
289 115 4
289 116 5
289 117 7
289 118 9
289 134 8
289 138 5
289 151 1
289 175 2
289 176 3
289 180 8
290 7 6
290 15 7
290 17 9
290 22 4
290 33 4
290 52 4
290 139 4
290 157 5
290 177 1
290 181 5
290 183 4
290 199 5
291 7 7
291 8 8
291 32 1
291 41 2
291 44 2
291 45 7
291 56 8
291 59 3
291 61 9
291 67 5
291 71 1
291 75 6
291 77 2
291 80 9
291 81 4
291 83 8
291 112 2
291 113 3
291 120 5
291 123 1
291 135 2
291 144 7
291 150 5
291 163 9
291 168 6
291 169 9
291 186 6
292 11 5
292 12 4
292 27 5
292 30 9
292 32 7
292 35 3
292 40 9
292 49 8
292 52 4
292 53 4
292 58 5
292 61 1
292 63 6
292 82 2
292 93 5
292 101 3
292 103 6
292 111 6
292 118 8
292 124 8
292 131 4
292 146 5
292 155 8
292 162 5
292 168 2
292 171 4
292 180 5
292 185 7
292 193 6
292 195 8
293 2 7
293 7 9
293 23 1
293 30 7
293 31 8
293 53 3
293 60 2
293 71 3
293 72 7
293 73 9
293 75 3
293 95 7
293 96 3
293 103 8
293 125 3
293 139 9
293 154 6
293 159 8
293 162 4
293 166 9
293 174 6
293 180 4
293 184 9
293 186 2
293 189 5
294 14 6
294 19 7
294 30 3
294 32 3
294 33 9
294 44 6
294 63 1
294 101 4
294 103 2
294 129 4
294 132 7
294 133 6
294 137 2
294 139 9
294 142 5
294 161 7
294 166 9
294 172 4
294 183 3
295 4 5
295 11 4
295 23 7
295 28 4
295 35 8
295 43 1
295 58 5
295 70 8
295 94 9
295 105 4
295 116 3
295 117 4
295 119 3
295 135 5
295 149 1
295 154 5
295 165 6
295 170 6
295 191 4
295 198 3
296 12 3
296 17 6
296 19 3
296 20 7
296 21 5
296 38 5
296 39 1
296 70 3
296 72 9
296 79 1
296 85 6
296 86 3
296 88 2
296 95 6
296 117 1
296 122 3
296 130 5
296 133 2
296 153 6
296 155 1
296 166 6
296 178 5
296 193 1
297 4 3
297 9 7
297 14 1
297 16 1
297 31 5
297 38 2
297 41 3
297 45 4
297 47 8
297 48 7
297 52 2
297 72 1
297 80 4
297 81 5
297 83 1
297 94 1
297 105 4
297 111 3
297 118 8
297 125 2
297 136 4
297 140 2
297 162 4
297 170 6
297 177 2
297 181 4
297 188 2
298 2 2
298 11 9
298 19 4
298 21 8
298 34 1
298 51 1
298 81 8
298 99 4
298 105 1
298 128 9
298 153 9
298 156 3
298 197 4
299 1 2
299 6 2
299 11 3
299 18 9
299 21 3
299 44 2
299 47 6
299 51 1
299 54 3
299 58 1
299 67 2
299 68 6
299 71 6
299 92 4
299 97 7
299 103 9
299 111 1
299 120 5
299 140 3
299 152 8
299 161 5
299 162 2
299 170 2
299 182 9
299 191 4
299 195 9
299 196 7
