300 200
0 2 5
0 9 7
0 16 8
0 27 6
0 36 4
0 44 4
0 54 9
0 78 1
0 82 2
0 95 1
0 98 7
0 102 5
0 109 5
0 118 7
0 121 7
0 122 2
0 125 6
0 127 2
0 133 6
0 146 2
0 150 4
0 153 7
0 158 8
0 159 9
0 171 3
0 178 9
0 194 4
1 4 3
1 11 2
1 12 1
1 29 3
1 49 9
1 51 1
1 54 8
1 71 7
1 75 3
1 76 9
1 84 6
1 94 1
1 95 6
1 136 3
1 143 8
1 144 8
1 163 3
1 165 5
1 170 4
1 173 7
1 178 4
1 181 6
1 192 5
2 0 2
2 4 9
2 9 3
2 10 5
2 24 9
2 26 1
2 29 7
2 38 7
2 61 4
2 64 1
2 77 8
2 90 2
2 92 2
2 97 2
2 130 5
2 132 3
2 148 4
2 151 3
2 153 1
2 174 3
2 181 6
2 190 9
2 196 7
2 197 2
3 4 6
3 20 4
3 21 3
3 22 7
3 50 9
3 60 4
3 69 7
3 81 5
3 85 6
3 89 9
3 92 6
3 104 1
3 112 1
3 120 6
3 129 7
3 135 7
3 146 9
3 153 7
3 173 7
3 179 9
3 183 4
3 195 9
4 3 3
4 21 8
4 26 2
4 28 9
4 29 1
4 38 4
4 45 8
4 50 5
4 73 3
4 79 9
4 92 9
4 101 6
4 110 4
4 113 6
4 124 4
4 161 9
4 164 5
4 175 9
4 180 5
4 188 1
4 194 9
4 199 5
5 15 6
5 21 3
5 25 7
5 26 8
5 31 2
5 42 3
5 45 8
5 49 4
5 55 6
5 58 3
5 74 7
5 76 9
5 79 6
5 104 6
5 125 3
5 128 9
5 135 4
5 138 8
5 149 8
5 151 4
5 157 9
5 182 5
5 184 7
5 185 1
5 191 7
5 195 2
5 199 8
6 16 9
6 24 3
6 36 9
6 38 4
6 39 7
6 41 4
6 53 5
6 58 9
6 63 9
6 74 4
6 77 3
6 86 7
6 103 2
6 113 5
6 121 4
6 123 3
6 127 7
6 143 1
6 151 2
6 154 2
6 155 3
6 158 9
6 161 9
6 174 5
6 177 4
7 5 5
7 12 1
7 55 9
7 76 7
7 78 3
7 95 9
7 106 7
7 131 2
7 142 9
7 164 6
7 174 9
7 176 2
7 183 5
8 28 1
8 40 4
8 43 1
8 55 8
8 59 7
8 63 3
8 75 7
8 82 5
8 105 8
8 116 5
8 120 6
8 130 5
8 132 6
8 135 7
8 138 5
8 159 2
8 179 6
8 181 1
8 188 1
8 193 1
8 195 2
9 2 3
9 6 6
9 9 2
9 22 7
9 30 3
9 34 2
9 47 1
9 52 1
9 63 2
9 68 9
9 106 5
9 109 9
9 111 4
9 113 3
9 115 8
9 141 3
9 155 9
9 165 8
10 17 1
10 22 7
10 23 3
10 54 6
10 55 5
10 73 3
10 83 5
10 87 5
10 93 8
10 104 7
10 107 5
10 116 8
10 126 2
10 131 5
10 144 3
10 156 9
10 166 1
10 179 1
10 180 6
10 185 9
10 190 5
10 195 1
11 10 5
11 18 6
11 25 3
11 29 9
11 32 7
11 34 2
11 35 5
11 36 5
11 52 6
11 64 6
11 80 9
11 94 1
11 96 2
11 97 3
11 105 8
11 117 5
11 127 4
11 143 2
11 154 2
11 161 9
11 165 1
11 171 8
11 174 6
12 8 2
12 11 8
12 14 5
12 22 6
12 40 1
12 57 1
12 58 6
12 60 5
12 64 9
12 80 4
12 84 3
12 91 1
12 97 1
12 101 2
12 105 6
12 107 5
12 113 5
12 175 1
12 182 3
12 188 6
12 191 5
12 192 6
13 19 2
13 24 4
13 25 9
13 27 1
13 42 4
13 50 8
13 58 9
13 87 1
13 93 1
13 94 9
13 118 7
13 130 4
13 135 1
13 143 9
13 146 1
13 162 5
13 178 4
14 11 7
14 12 7
14 20 4
14 27 4
14 37 9
14 44 7
14 48 7
14 60 5
14 72 4
14 76 3
14 80 6
14 82 1
14 112 6
14 115 1
14 124 1
14 142 6
14 151 3
14 152 1
14 162 6
14 165 3
14 170 8
14 171 5
14 188 7
14 190 3
15 16 5
15 17 7
15 25 2
15 47 4
15 48 4
15 54 4
15 66 1
15 71 1
15 84 6
15 87 1
15 112 7
15 115 2
15 119 3
15 120 2
15 125 5
15 142 8
15 145 8
15 161 5
15 173 5
15 177 2
15 178 5
15 183 5
16 3 1
16 6 2
16 9 7
16 15 5
16 27 2
16 29 7
16 34 7
16 37 8
16 40 1
16 63 2
16 72 5
16 101 9
16 104 3
16 110 2
16 113 4
16 120 2
16 127 7
16 160 9
16 166 9
16 170 3
16 177 2
16 178 4
16 182 8
16 183 3
16 186 3
16 190 4
16 192 1
17 6 8
17 9 4
17 10 2
17 12 7
17 15 5
17 19 1
17 26 6
17 27 2
17 33 7
17 37 9
17 39 5
17 43 8
17 46 4
17 66 6
17 77 5
17 81 4
17 86 6
17 95 1
17 100 7
17 103 8
17 105 5
17 118 5
17 121 4
17 123 9
17 143 4
17 151 8
17 154 3
17 163 9
17 178 9
17 190 5
18 7 5
18 15 8
18 19 7
18 29 9
18 30 1
18 34 3
18 37 4
18 45 1
18 50 4
18 52 9
18 53 1
18 63 5
18 67 6
18 70 9
18 77 7
18 81 4
18 130 8
18 139 8
18 146 5
18 150 4
18 157 1
18 159 2
18 163 5
18 184 5
18 191 3
18 192 4
19 2 4
19 9 1
19 10 5
19 11 4
19 41 9
19 50 1
19 74 8
19 96 9
19 104 3
19 114 7
19 118 2
19 124 2
19 138 8
19 173 4
19 175 8
19 197 2
19 198 2
20 4 2
20 14 1
20 25 5
20 33 8
20 34 8
20 54 5
20 60 2
20 62 3
20 79 8
20 82 2
20 86 4
20 95 9
20 112 4
20 118 4
20 128 9
20 140 5
20 167 7
20 169 6
20 192 1
20 197 7
20 198 4
21 2 3
21 4 6
21 10 7
21 38 4
21 41 7
21 57 2
21 69 7
21 76 6
21 93 8
21 106 4
21 118 8
21 126 9
21 134 8
21 135 8
21 139 4
21 140 7
21 169 3
21 191 3
21 197 2
22 0 1
22 5 1
22 7 3
22 12 6
22 14 3
22 32 3
22 35 6
22 54 4
22 69 9
22 74 6
22 80 4
22 90 1
22 99 8
22 102 9
22 103 5
22 111 7
22 133 4
22 157 7
22 165 9
22 169 4
22 172 4
23 3 5
23 4 3
23 6 5
23 15 4
23 21 2
23 25 5
23 26 2
23 29 5
23 30 3
23 43 5
23 45 1
23 53 2
23 58 7
23 65 3
23 71 2
23 76 4
23 81 7
23 108 6
23 109 7
23 110 4
23 122 5
23 127 8
23 133 6
23 138 7
23 142 7
23 156 8
23 163 4
23 172 8
24 3 3
24 33 8
24 39 6
24 47 7
24 55 8
24 58 2
24 73 8
24 76 3
24 77 2
24 78 2
24 82 8
24 84 2
24 89 9
24 100 2
24 103 7
24 104 3
24 105 7
24 111 2
24 130 7
24 138 3
24 139 3
24 189 4
24 193 9
25 0 9
25 2 3
25 4 2
25 17 8
25 23 8
25 37 2
25 47 4
25 51 4
25 54 7
25 73 8
25 83 6
25 88 9
25 94 8
25 99 3
25 116 9
25 118 3
25 144 7
25 147 7
25 161 6
25 164 4
25 183 3
26 7 3
26 39 6
26 41 7
26 42 9
26 47 8
26 56 1
26 57 3
26 59 2
26 65 7
26 83 8
26 88 3
26 99 6
26 106 2
26 141 3
26 148 3
26 154 1
26 186 6
26 187 5
26 196 7
27 14 5
27 17 3
27 33 8
27 35 9
27 43 5
27 48 3
27 59 9
27 64 6
27 86 7
27 88 4
27 93 3
27 111 3
27 118 7
27 122 9
27 127 4
27 151 2
27 156 1
27 164 3
27 187 1
28 2 3
28 6 6
28 11 1
28 19 3
28 30 8
28 49 3
28 61 4
28 92 9
28 94 4
28 99 2
28 106 8
28 109 2
28 117 4
28 119 3
28 130 4
28 133 9
28 143 4
28 149 5
28 154 9
28 161 8
28 163 1
28 164 4
28 170 9
29 15 1
29 20 7
29 25 1
29 29 9
29 50 6
29 52 6
29 102 2
29 113 6
29 128 5
29 129 8
29 149 4
29 160 1
29 176 9
29 180 9
29 181 9
29 187 6
29 192 4
30 1 4
30 15 6
30 27 3
30 31 6
30 52 9
30 55 9
30 67 8
30 79 2
30 93 8
30 94 6
30 109 5
30 113 6
30 124 3
30 138 1
30 145 4
30 149 5
30 178 2
30 182 2
30 187 2
30 194 2
30 197 4
31 11 5
31 28 2
31 41 9
31 44 1
31 46 1
31 49 7
31 58 8
31 62 4
31 71 9
31 78 8
31 81 3
31 91 7
31 101 5
31 109 2
31 112 9
31 127 3
31 162 4
31 168 2
31 169 7
31 194 2
31 196 6
32 2 3
32 3 2
32 4 6
32 7 6
32 11 2
32 31 5
32 39 9
32 42 5
32 47 5
32 61 9
32 64 1
32 66 6
32 88 2
32 89 6
32 104 6
32 118 4
32 125 2
32 128 6
32 137 9
32 143 8
32 147 1
32 149 3
32 151 9
32 162 9
32 170 7
32 172 7
32 185 3
33 6 3
33 10 5
33 21 2
33 24 3
33 48 9
33 54 3
33 59 3
33 67 1
33 81 5
33 85 2
33 94 5
33 117 8
33 125 9
33 129 5
33 132 3
33 140 9
33 142 2
33 152 5
33 156 8
33 165 1
33 178 2
33 182 7
33 190 3
34 8 4
34 13 7
34 22 3
34 35 2
34 37 3
34 40 2
34 41 5
34 44 7
34 49 1
34 57 9
34 61 2
34 68 6
34 74 7
34 79 3
34 93 8
34 94 4
34 95 6
34 134 9
34 176 8
34 190 3
34 195 2
35 5 5
35 13 3
35 30 2
35 31 9
35 33 7
35 48 2
35 53 8
35 107 6
35 132 5
35 137 4
35 154 3
35 157 3
35 170 6
35 175 9
35 179 8
35 180 7
35 185 9
35 186 1
35 187 1
35 194 4
36 2 7
36 5 3
36 10 6
36 12 6
36 13 1
36 28 9
36 33 5
36 38 1
36 71 7
36 80 1
36 88 4
36 97 5
36 103 7
36 105 3
36 124 2
36 128 8
36 131 7
36 132 6
36 140 6
36 148 6
36 168 7
36 171 4
36 172 2
36 183 9
36 185 3
36 187 5
36 188 2
36 192 8
37 1 3
37 5 5
37 6 7
37 7 6
37 23 3
37 30 7
37 33 3
37 35 4
37 39 9
37 40 6
37 41 2
37 55 9
37 75 5
37 78 2
37 99 4
37 101 5
37 108 8
37 117 3
37 134 8
37 146 2
37 186 3
38 11 9
38 12 6
38 18 6
38 24 2
38 69 2
38 81 2
38 95 8
38 96 4
38 115 5
38 117 6
38 118 8
38 149 4
38 151 2
38 152 6
38 154 2
38 164 9
38 169 6
38 184 6
38 185 5
38 189 4
39 1 1
39 20 7
39 26 3
39 29 6
39 32 9
39 48 4
39 56 3
39 58 1
39 60 8
39 64 4
39 78 1
39 83 2
39 97 6
39 102 5
39 105 7
39 117 5
39 124 9
39 133 8
39 136 9
39 141 4
39 167 6
39 189 3
40 8 8
40 19 5
40 23 6
40 24 5
40 32 4
40 35 6
40 40 9
40 41 7
40 61 5
40 63 6
40 68 1
40 82 5
40 97 7
40 102 5
40 115 1
40 117 1
40 118 5
40 121 1
40 132 8
40 141 8
40 148 4
40 150 3
40 153 8
40 163 3
41 0 2
41 34 5
41 39 3
41 40 3
41 42 5
41 45 6
41 49 6
41 61 1
41 63 7
41 68 4
41 76 2
41 98 2
41 101 6
41 107 7
41 117 2
41 123 5
41 134 7
41 153 6
41 162 9
41 165 3
41 169 6
41 170 7
41 175 1
41 184 9
41 190 3
41 193 3
42 11 1
42 19 1
42 21 7
42 67 9
42 77 4
42 78 8
42 82 3
42 93 5
42 99 6
42 103 4
42 104 7
42 140 7
42 146 4
42 152 7
42 163 5
42 172 8
42 182 1
42 198 2
43 26 6
43 36 4
43 40 2
43 44 7
43 72 2
43 105 4
43 111 1
43 151 9
43 170 3
43 175 5
43 177 4
43 179 2
44 4 2
44 9 4
44 31 2
44 41 9
44 50 1
44 51 8
44 61 1
44 65 5
44 68 6
44 70 7
44 78 3
44 85 7
44 110 6
44 122 8
44 132 5
44 134 9
44 139 8
44 165 9
44 176 6
44 177 1
44 188 4
44 198 8
45 8 9
45 10 5
45 32 1
45 43 1
45 51 1
45 87 1
45 98 3
45 126 2
45 139 1
45 184 9
45 194 9
46 1 8
46 3 2
46 4 1
46 7 2
46 15 1
46 29 4
46 30 1
46 40 6
46 44 1
46 53 7
46 63 1
46 66 5
46 73 2
46 74 4
46 93 3
46 106 9
46 110 9
46 112 9
46 119 5
46 122 3
46 136 8
46 153 4
46 155 7
46 169 6
46 170 1
46 187 9
46 194 8
47 10 2
47 15 2
47 18 9
47 27 2
47 31 5
47 33 8
47 50 8
47 60 5
47 67 2
47 78 4
47 98 8
47 119 5
47 167 6
47 170 4
47 175 3
47 176 2
47 181 2
47 183 8
47 189 1
47 192 2
47 194 4
48 19 7
48 26 2
48 29 5
48 34 2
48 35 6
48 43 6
48 63 3
48 71 2
48 77 7
48 84 2
48 91 6
48 104 2
48 105 4
48 106 8
48 107 6
48 110 8
48 112 5
48 122 9
48 148 1
48 149 7
48 153 4
48 163 9
48 173 5
48 182 2
49 15 1
49 18 3
49 21 4
49 28 6
49 34 2
49 45 5
49 50 1
49 53 8
49 55 6
49 70 5
49 80 4
49 83 3
49 106 3
49 129 5
49 135 4
49 136 7
49 139 1
49 146 9
49 162 3
49 166 1
49 187 2
49 192 8
49 197 7
49 199 6
50 29 8
50 51 6
50 72 6
50 80 1
50 81 3
50 92 2
50 97 4
50 98 7
50 119 8
50 136 1
50 153 7
50 155 7
50 159 4
50 166 3
50 188 4
50 194 7
51 28 2
51 60 8
51 62 1
51 69 9
51 82 8
51 97 4
51 98 6
51 115 4
51 122 7
51 158 1
51 161 6
51 167 6
51 177 6
51 178 1
51 188 4
51 193 4
52 11 2
52 15 5
52 17 4
52 21 2
52 26 3
52 35 8
52 55 2
52 65 3
52 79 1
52 85 4
52 89 4
52 97 1
52 100 9
52 118 4
52 124 8
52 126 9
52 130 2
52 131 5
52 138 5
52 143 9
52 151 1
52 154 3
52 156 5
52 157 5
52 160 9
52 174 7
52 184 2
52 185 2
53 10 7
53 20 5
53 32 1
53 36 2
53 39 9
53 45 5
53 46 7
53 47 9
53 48 1
53 60 2
53 78 7
53 79 4
53 82 6
53 102 4
53 109 4
53 115 2
53 118 8
53 131 4
53 143 4
53 163 4
53 167 3
53 186 6
53 197 4
54 31 4
54 35 1
54 63 6
54 71 5
54 72 3
54 74 7
54 81 3
54 84 6
54 99 7
54 115 8
54 121 4
54 125 4
54 151 1
54 155 5
54 164 3
54 166 3
54 168 2
54 174 5
54 176 1
54 183 4
54 184 4
54 199 2
55 0 1
55 2 8
55 22 7
55 24 6
55 30 6
55 32 7
55 34 7
55 55 1
55 64 4
55 73 3
55 76 6
55 77 7
55 80 7
55 82 4
55 102 8
55 114 8
55 127 8
55 147 1
55 156 4
55 158 8
55 159 1
55 162 1
55 165 9
55 172 7
55 197 2
56 6 7
56 25 7
56 31 1
56 39 8
56 56 4
56 66 7
56 72 8
56 92 6
56 112 4
56 114 4
56 135 4
56 137 4
56 139 7
56 144 2
56 153 2
56 166 7
56 172 4
56 177 7
56 180 8
56 186 7
56 197 8
57 15 9
57 18 7
57 39 1
57 58 9
57 67 8
57 69 6
57 80 6
57 98 2
57 104 9
57 108 6
57 113 4
57 134 5
57 141 1
57 150 2
57 154 8
57 167 1
57 172 1
57 186 2
57 192 3
57 196 8
58 14 2
58 48 8
58 59 6
58 75 5
58 82 5
58 87 4
58 92 5
58 99 8
58 115 8
58 122 6
58 126 2
58 147 7
58 149 6
58 159 7
58 165 5
58 173 9
59 1 2
59 5 4
59 38 5
59 52 2
59 61 4
59 71 9
59 74 9
59 84 9
59 86 9
59 94 7
59 95 1
59 103 3
59 116 5
59 125 7
59 126 3
59 127 3
59 128 4
59 139 5
59 183 7
60 2 8
60 10 5
60 16 3
60 34 5
60 43 4
60 72 5
60 76 8
60 79 8
60 85 6
60 86 6
60 87 4
60 90 3
60 99 9
60 106 9
60 107 9
60 112 6
60 121 8
60 123 8
60 129 7
60 140 4
60 143 8
60 144 3
60 147 5
60 153 9
60 177 1
61 1 7
61 9 3
61 13 5
61 16 5
61 17 7
61 31 2
61 36 8
61 39 3
61 41 3
61 52 1
61 54 9
61 74 3
61 76 1
61 103 7
61 130 3
61 135 7
61 140 8
61 143 8
61 144 5
61 147 5
61 153 1
61 155 9
62 3 1
62 4 3
62 11 2
62 13 3
62 24 9
62 30 4
62 44 3
62 48 8
62 79 6
62 82 4
62 93 1
62 118 8
62 124 3
62 129 3
62 132 5
62 147 7
62 160 6
62 166 6
62 172 2
62 178 4
62 184 1
62 196 6
62 198 5
63 7 3
63 18 3
63 31 8
63 39 6
63 40 3
63 48 8
63 49 1
63 50 2
63 51 4
63 74 1
63 80 6
63 91 3
63 97 8
63 136 5
63 140 5
63 145 4
63 162 7
63 164 4
63 166 3
63 170 7
63 179 5
63 183 1
63 185 4
63 191 4
63 192 5
63 196 1
64 3 5
64 28 2
64 34 3
64 42 5
64 53 8
64 56 4
64 71 5
64 77 1
64 99 7
64 100 2
64 101 9
64 115 1
64 118 5
64 145 5
64 164 9
64 167 7
64 196 1
65 0 4
65 5 3
65 22 2
65 37 6
65 41 3
65 52 9
65 53 5
65 57 6
65 76 3
65 88 1
65 90 4
65 100 4
65 114 9
65 124 6
65 133 1
65 137 5
65 141 6
65 148 2
65 153 4
65 163 9
65 165 8
65 168 1
65 170 9
65 173 3
65 174 1
65 175 4
65 180 7
65 191 9
65 196 8
66 12 2
66 13 7
66 26 1
66 34 9
66 42 5
66 53 2
66 55 6
66 59 7
66 71 3
66 81 1
66 86 3
66 88 3
66 99 6
66 103 9
66 112 5
66 129 1
66 141 2
66 146 2
66 173 8
66 178 8
66 181 5
67 12 8
67 23 8
67 36 6
67 38 2
67 54 1
67 59 7
67 73 9
67 74 8
67 78 7
67 79 8
67 88 1
67 92 9
67 105 9
67 111 1
67 112 5
67 122 4
67 125 8
67 129 3
67 149 6
67 157 9
67 180 4
67 190 4
67 197 4
67 199 2
68 8 7
68 19 9
68 26 5
68 27 3
68 33 3
68 34 2
68 39 9
68 40 1
68 70 8
68 76 9
68 86 2
68 89 7
68 90 6
68 91 6
68 92 8
68 105 1
68 125 3
68 137 3
68 140 6
68 141 8
68 146 2
68 159 1
68 173 4
68 175 6
68 186 8
69 3 8
69 7 3
69 10 2
69 16 8
69 34 7
69 58 8
69 69 8
69 73 2
69 74 7
69 78 2
69 104 1
69 114 3
69 116 9
69 118 1
69 120 9
69 133 2
69 135 7
69 137 5
69 139 7
69 157 4
69 166 5
69 167 8
69 169 4
69 178 1
69 181 5
69 188 4
70 0 9
70 16 8
70 21 9
70 54 7
70 75 7
70 99 4
70 114 7
70 115 2
70 118 5
70 125 5
70 136 8
70 137 7
70 160 9
70 162 5
70 174 4
70 186 4
70 194 9
70 195 6
70 199 7
71 6 4
71 10 1
71 15 5
71 19 2
71 27 3
71 34 4
71 39 7
71 54 5
71 66 9
71 70 1
71 80 2
71 91 5
71 105 1
71 107 2
71 119 2
71 127 1
71 138 8
71 139 5
71 166 3
71 167 6
71 169 5
71 190 9
71 194 5
72 2 4
72 4 3
72 14 6
72 27 4
72 28 9
72 33 7
72 41 5
72 43 5
72 45 7
72 47 8
72 56 8
72 75 5
72 87 8
72 91 6
72 92 9
72 99 6
72 102 7
72 111 2
72 114 1
72 117 2
72 120 6
72 124 2
72 137 4
72 144 6
72 164 2
72 172 8
72 180 1
72 184 2
72 190 2
72 192 2
73 13 2
73 42 9
73 51 2
73 62 2
73 68 6
73 70 9
73 90 8
73 97 9
73 98 2
73 99 6
73 104 9
73 114 5
73 115 5
73 123 4
73 157 1
73 173 4
73 175 1
73 180 2
74 4 8
74 13 9
74 14 8
74 22 3
74 38 1
74 40 2
74 47 1
74 56 3
74 59 6
74 69 3
74 85 3
74 104 9
74 109 8
74 125 8
74 136 4
74 138 7
74 140 8
74 148 9
74 155 9
74 156 1
74 167 7
75 1 6
75 19 8
75 33 8
75 35 1
75 36 9
75 37 5
75 39 9
75 42 7
75 45 9
75 58 8
75 61 7
75 70 8
75 86 6
75 95 1
75 107 7
75 134 4
75 144 7
75 146 1
75 155 3
75 156 5
75 165 3
75 182 2
75 184 6
75 186 2
76 9 7
76 13 7
76 34 9
76 45 8
76 54 1
76 57 2
76 82 2
76 97 2
76 101 5
76 112 8
76 122 4
76 127 5
76 131 1
76 132 7
76 151 9
76 167 5
76 182 9
76 184 9
76 185 2
76 191 6
77 3 7
77 6 1
77 37 5
77 55 2
77 73 6
77 91 6
77 99 3
77 111 6
77 122 2
77 127 4
77 128 4
77 133 6
77 136 1
77 145 2
77 160 2
77 161 3
77 169 8
77 176 4
77 194 9
78 10 1
78 24 4
78 36 9
78 73 6
78 89 3
78 96 9
78 127 2
78 137 8
78 138 8
78 143 8
78 167 8
78 169 9
78 172 5
78 186 9
79 5 9
79 10 2
79 12 5
79 23 9
79 24 9
79 25 9
79 48 2
79 50 1
79 67 1
79 72 6
79 74 6
79 80 4
79 93 2
79 112 3
79 113 4
79 128 9
79 142 8
79 150 3
79 159 2
79 161 3
79 164 7
79 167 6
79 168 3
79 169 3
79 179 6
79 184 9
79 196 5
79 199 1
80 1 6
80 4 2
80 5 1
80 7 8
80 9 9
80 10 6
80 11 9
80 12 8
80 13 8
80 41 9
80 49 8
80 53 6
80 67 9
80 69 7
80 72 1
80 82 6
80 97 5
80 111 8
80 126 3
80 132 6
80 185 9
80 186 6
80 191 2
81 16 5
81 19 1
81 20 9
81 32 6
81 37 8
81 56 5
81 64 5
81 67 1
81 73 1
81 90 9
81 96 4
81 99 7
81 112 2
81 118 4
81 127 4
81 160 2
81 162 8
81 163 6
81 171 4
81 177 1
81 181 6
81 189 7
81 191 4
82 3 9
82 32 5
82 60 8
82 62 5
82 76 6
82 88 1
82 90 2
82 116 8
82 138 3
82 167 2
82 179 9
82 188 6
83 10 9
83 41 5
83 80 4
83 86 7
83 111 2
83 117 3
83 142 2
83 152 8
83 154 2
83 158 1
83 159 3
83 164 3
83 169 7
83 185 8
84 16 3
84 33 8
84 63 4
84 66 2
84 70 7
84 73 7
84 76 6
84 101 1
84 105 7
84 125 8
84 126 1
84 130 9
84 162 6
84 182 1
84 190 6
84 196 7
85 10 1
85 29 5
85 34 1
85 41 9
85 45 4
85 52 5
85 62 6
85 69 1
85 74 5
85 75 4
85 84 2
85 88 2
85 95 7
85 104 9
85 109 7
85 111 5
85 117 4
85 127 5
85 157 5
85 169 8
85 183 1
85 184 2
86 2 8
86 17 2
86 38 6
86 62 4
86 66 1
86 78 5
86 99 7
86 120 7
86 124 6
86 138 3
86 152 3
86 160 7
86 169 7
86 171 1
86 176 1
86 184 8
86 186 7
86 187 1
86 195 8
87 9 9
87 12 9
87 38 9
87 53 1
87 68 8
87 80 3
87 87 2
87 94 7
87 100 6
87 102 1
87 103 9
87 108 7
87 118 9
87 126 8
87 130 6
87 158 6
87 166 6
87 169 2
87 171 5
87 174 3
87 175 6
87 197 6
88 25 7
88 28 1
88 29 7
88 35 7
88 47 1
88 48 7
88 88 9
88 90 3
88 92 4
88 95 4
88 115 6
88 124 4
88 132 3
88 149 6
88 153 4
88 155 4
88 157 3
88 161 4
88 163 7
88 167 7
88 181 3
88 194 1
89 12 4
89 13 2
89 19 7
89 23 3
89 40 7
89 48 3
89 68 8
89 77 9
89 91 1
89 94 8
89 143 5
89 145 8
89 151 7
89 155 1
89 173 4
89 176 2
89 179 9
89 182 1
89 191 7
89 195 7
90 9 8
90 12 6
90 44 1
90 47 3
90 66 1
90 80 2
90 85 3
90 94 8
90 99 6
90 100 4
90 101 3
90 105 5
90 123 3
90 134 5
90 160 3
90 182 1
90 186 6
90 189 6
90 197 4
91 3 1
91 4 6
91 11 6
91 12 9
91 13 3
91 17 1
91 29 4
91 40 1
91 46 1
91 71 5
91 97 7
91 102 3
91 110 8
91 113 8
91 124 5
91 126 4
91 154 7
91 177 8
91 188 3
91 189 6
91 197 2
92 3 3
92 17 6
92 21 1
92 37 9
92 49 6
92 52 4
92 56 1
92 70 4
92 76 9
92 85 1
92 88 3
92 97 8
92 107 3
92 115 2
92 132 1
92 148 1
92 149 4
92 156 4
92 173 6
92 193 8
92 196 2
93 3 4
93 15 5
93 22 4
93 30 3
93 33 2
93 37 4
93 38 3
93 45 8
93 51 2
93 55 4
93 63 6
93 78 5
93 90 2
93 110 1
93 125 3
93 128 4
93 130 5
93 134 2
93 144 3
93 149 4
93 172 4
93 189 6
93 192 2
94 2 7
94 12 5
94 21 6
94 75 9
94 118 9
94 123 8
94 137 1
94 141 3
94 152 6
94 153 3
94 155 5
94 158 1
94 172 3
94 181 2
94 184 1
94 193 2
94 197 4
95 9 7
95 10 6
95 15 1
95 26 9
95 36 5
95 51 7
95 86 5
95 104 2
95 110 2
95 112 8
95 113 2
95 116 8
95 117 9
95 126 7
95 129 2
95 133 3
95 135 4
95 138 2
95 158 1
95 166 5
95 170 7
95 184 6
95 194 4
95 198 2
96 1 5
96 4 7
96 9 1
96 16 5
96 43 4
96 59 6
96 67 6
96 71 8
96 81 2
96 87 5
96 111 4
96 118 6
96 130 8
96 158 4
96 160 9
96 163 9
96 166 6
96 177 8
96 181 1
96 187 4
96 196 9
97 3 1
97 4 8
97 5 5
97 13 8
97 45 8
97 55 1
97 67 1
97 73 3
97 77 3
97 81 1
97 120 3
97 125 8
97 131 5
97 140 6
97 146 2
97 148 5
97 161 7
97 165 1
97 185 2
97 188 5
97 195 5
97 197 4
98 6 1
98 9 2
98 34 1
98 41 8
98 51 4
98 58 7
98 91 1
98 108 9
98 118 4
98 120 6
98 125 9
98 127 4
98 143 7
98 146 4
98 148 9
98 154 3
98 168 6
98 174 5
98 192 7
98 195 1
98 199 6
99 10 3
99 16 2
99 28 8
99 29 1
99 32 9
99 37 3
99 41 2
99 58 1
99 65 1
99 75 1
99 89 3
99 92 5
99 93 2
99 96 5
99 100 8
99 118 4
99 122 3
99 155 7
99 158 5
99 160 6
99 161 2
99 194 4
100 2 6
100 22 1
100 38 2
100 39 7
100 56 8
100 60 5
100 70 1
100 79 3
100 88 4
100 99 7
100 119 1
100 131 3
100 132 6
100 140 2
100 143 3
100 153 5
100 156 9
100 159 2
100 163 3
100 165 4
100 170 5
100 172 7
100 175 6
100 182 1
100 197 5
101 5 8
101 16 5
101 36 2
101 38 4
101 55 7
101 70 4
101 72 8
101 94 2
101 134 1
101 138 7
101 143 1
101 146 5
101 149 7
101 153 8
101 171 3
101 183 9
101 194 1
102 3 4
102 18 6
102 27 8
102 29 9
102 32 3
102 41 6
102 48 7
102 49 6
102 94 5
102 109 9
102 124 8
102 128 1
102 133 6
102 140 3
102 143 3
102 149 3
102 150 2
102 154 8
102 167 7
102 172 6
102 178 2
102 180 3
103 9 3
103 21 7
103 26 6
103 39 9
103 44 5
103 53 4
103 59 5
103 79 9
103 82 8
103 84 7
103 89 6
103 105 8
103 106 7
103 107 9
103 141 1
103 142 3
103 145 5
103 146 7
103 170 7
103 195 5
103 199 5
104 5 4
104 14 5
104 27 9
104 41 7
104 42 5
104 70 8
104 80 2
104 87 2
104 107 6
104 114 3
104 120 3
104 124 9
104 128 3
104 147 5
104 155 1
104 183 8
104 189 8
105 0 7
105 1 2
105 21 6
105 31 4
105 37 5
105 39 8
105 75 7
105 81 1
105 102 9
105 106 1
105 109 2
105 119 2
105 154 9
105 155 6
105 168 2
105 178 5
105 192 5
105 196 7
106 6 6
106 23 1
106 33 4
106 37 6
106 42 6
106 44 2
106 51 1
106 52 7
106 69 5
106 72 5
106 93 2
106 105 9
106 107 2
106 115 1
106 132 9
106 142 5
106 143 4
106 145 7
106 149 6
106 160 6
106 162 7
106 170 6
106 184 5
106 186 4
106 193 2
107 20 5
107 23 2
107 35 9
107 48 1
107 61 8
107 70 7
107 79 9
107 82 7
107 88 5
107 99 1
107 112 3
107 117 7
107 120 1
107 122 4
107 124 2
107 132 2
107 133 7
107 137 7
107 141 2
107 145 9
107 156 8
107 158 3
107 159 5
107 162 2
107 163 1
107 179 4
107 194 9
107 196 6
108 11 7
108 12 9
108 17 6
108 18 8
108 37 5
108 53 9
108 55 8
108 66 7
108 94 1
108 102 2
108 112 3
108 114 7
108 141 8
108 146 5
108 150 8
108 179 3
108 183 9
108 188 1
108 193 7
108 194 1
109 2 3
109 3 9
109 6 5
109 22 3
109 27 2
109 41 8
109 77 7
109 80 4
109 86 3
109 88 6
109 91 2
109 97 8
109 102 5
109 117 6
109 120 8
109 125 2
109 130 6
109 134 5
109 135 6
109 140 4
109 150 7
109 159 8
109 160 9
109 165 5
109 168 3
109 169 7
109 184 9
109 189 3
110 8 4
110 9 1
110 20 6
110 24 7
110 26 7
110 73 1
110 78 1
110 96 6
110 101 1
110 104 4
110 105 4
110 108 6
110 127 4
110 132 8
110 162 5
110 166 8
110 173 6
110 174 3
110 178 2
110 182 4
110 183 3
110 184 3
111 16 9
111 24 4
111 28 1
111 63 3
111 72 6
111 87 1
111 94 8
111 107 7
111 142 1
111 143 5
111 149 3
111 188 7
112 1 3
112 4 5
112 5 9
112 16 7
112 41 2
112 47 7
112 59 6
112 65 8
112 77 9
112 83 7
112 95 7
112 98 9
112 99 3
112 106 7
112 107 2
112 111 6
112 112 2
112 114 2
112 115 5
112 121 7
112 129 9
112 145 3
112 155 9
112 160 6
112 161 2
112 163 3
112 164 2
112 167 1
112 168 9
112 170 4
112 173 8
112 177 6
112 182 9
113 7 5
113 20 6
113 30 1
113 62 6
113 63 1
113 67 9
113 87 5
113 97 4
113 109 8
113 110 8
113 148 9
113 152 7
113 167 5
113 168 4
113 178 7
113 189 6
114 2 3
114 4 1
114 9 8
114 10 9
114 24 1
114 61 3
114 84 9
114 85 6
114 87 2
114 93 8
114 98 8
114 104 9
114 123 9
114 124 1
114 135 2
114 136 6
114 146 9
114 153 9
114 159 6
114 173 1
114 176 2
114 178 3
114 181 6
114 187 2
114 198 8
115 0 7
115 1 1
115 8 3
115 11 1
115 12 5
115 14 9
115 16 3
115 17 4
115 27 2
115 44 3
115 49 4
115 74 2
115 81 1
115 128 4
115 129 2
115 132 6
115 139 4
115 153 5
115 183 3
115 197 3
116 35 1
116 48 3
116 67 1
116 79 2
116 95 3
116 104 1
116 115 5
116 136 5
116 140 6
116 141 7
116 142 4
116 149 2
116 172 1
117 2 4
117 14 8
117 21 7
117 27 2
117 32 6
117 33 5
117 37 3
117 46 8
117 58 3
117 69 9
117 77 4
117 93 8
117 98 2
117 113 5
117 122 4
117 131 7
117 148 9
117 152 4
117 157 8
117 165 8
117 177 9
117 178 9
117 187 9
117 192 5
118 2 6
118 11 3
118 15 7
118 16 8
118 26 6
118 31 6
118 32 5
118 34 5
118 49 3
118 50 8
118 53 1
118 74 6
118 86 7
118 96 9
118 101 4
118 113 4
118 121 3
118 132 5
118 147 1
118 164 4
118 178 9
118 190 2
118 194 2
118 198 9
119 41 1
119 49 8
119 57 8
119 68 2
119 73 7
119 84 3
119 89 4
119 100 5
119 107 8
119 119 2
119 128 5
119 141 4
119 144 7
119 150 8
119 161 2
119 163 7
119 173 7
119 174 1
119 179 8
119 189 9
119 193 5
119 194 6
119 197 9
120 15 8
120 21 4
120 25 8
120 40 6
120 56 8
120 72 6
120 76 1
120 82 3
120 97 5
120 122 6
120 123 5
120 129 3
120 137 1
120 138 3
120 152 6
120 156 8
120 171 1
120 190 2
120 192 1
121 10 1
121 29 5
121 37 6
121 38 9
121 56 6
121 63 8
121 65 1
121 67 9
121 74 5
121 80 4
121 96 8
121 97 3
121 99 1
121 111 6
121 151 4
121 161 7
121 169 8
121 187 7
121 195 9
121 199 5
122 17 9
122 34 3
122 43 8
122 53 3
122 71 4
122 78 4
122 83 6
122 92 5
122 100 6
122 126 5
122 127 5
122 140 8
122 147 8
122 172 7
122 176 6
122 182 5
123 9 1
123 17 2
123 37 6
123 41 3
123 53 8
123 63 3
123 64 2
123 80 8
123 84 5
123 95 7
123 115 9
123 122 8
123 129 3
123 151 4
123 165 3
123 168 8
123 170 7
123 181 1
123 196 6
123 197 2
123 198 5
124 34 8
124 41 9
124 46 5
124 52 1
124 70 4
124 96 5
124 133 7
124 144 5
124 146 4
124 191 8
125 4 5
125 26 2
125 36 9
125 39 7
125 44 6
125 57 9
125 62 7
125 84 7
125 86 6
125 90 6
125 96 5
125 97 7
125 107 4
125 114 6
125 125 5
125 126 4
125 128 1
125 135 6
125 139 6
125 144 3
125 146 6
125 147 6
125 149 4
125 157 5
125 162 1
125 168 9
125 179 4
125 181 4
125 189 8
125 197 2
126 0 3
126 18 3
126 39 6
126 44 3
126 74 7
126 83 8
126 110 3
126 137 6
126 151 5
126 154 8
126 155 5
126 173 5
126 179 7
127 17 7
127 28 1
127 36 1
127 39 7
127 51 8
127 66 3
127 84 3
127 87 4
127 93 2
127 94 6
127 108 5
127 114 6
127 120 5
127 122 2
127 136 9
127 137 9
127 143 1
127 148 6
127 168 9
127 169 3
127 172 6
127 173 5
127 176 9
127 181 1
127 185 2
127 189 8
127 198 5
128 4 5
128 5 5
128 7 4
128 11 3
128 34 4
128 42 1
128 50 9
128 59 4
128 76 7
128 94 9
128 113 7
128 118 1
128 124 9
128 125 5
128 140 5
128 142 1
128 149 7
128 159 3
128 170 8
128 171 9
128 185 2
128 190 7
128 193 7
128 197 7
129 12 8
129 23 2
129 29 5
129 31 6
129 35 9
129 40 2
129 51 1
129 76 4
129 81 1
129 84 3
129 115 6
129 149 9
129 179 9
129 189 9
129 193 4
129 197 3
130 0 1
130 11 6
130 30 7
130 40 7
130 44 1
130 51 9
130 56 4
130 62 4
130 65 7
130 66 4
130 67 1
130 73 8
130 85 9
130 92 7
130 134 8
130 136 1
130 137 6
130 139 8
130 149 3
130 166 6
130 167 3
130 179 1
130 189 3
131 1 9
131 2 6
131 15 2
131 30 4
131 47 7
131 49 5
131 51 7
131 71 6
131 76 6
131 79 1
131 124 3
131 131 2
131 139 6
131 149 1
131 150 1
131 153 1
131 172 1
131 175 9
131 186 4
131 187 2
131 196 6
131 197 5
132 3 8
132 5 7
132 18 9
132 26 8
132 30 6
132 34 6
132 48 3
132 59 1
132 66 5
132 92 1
132 109 2
132 118 2
132 119 8
132 138 4
132 157 8
132 171 9
132 180 7
132 185 5
132 190 3
132 195 1
133 9 6
133 15 6
133 26 7
133 27 3
133 50 8
133 53 7
133 69 6
133 73 7
133 80 4
133 82 5
133 87 3
133 96 6
133 98 9
133 109 7
133 126 6
133 153 4
133 159 5
133 167 9
133 183 3
133 196 2
134 19 3
134 29 8
134 38 2
134 39 3
134 43 5
134 44 4
134 59 2
134 63 3
134 75 3
134 94 9
134 111 9
134 119 4
134 124 2
134 127 9
134 131 3
134 152 3
134 176 9
134 179 9
134 189 6
134 192 4
134 193 8
134 199 2
135 3 7
135 10 8
135 16 7
135 36 2
135 38 6
135 48 3
135 51 5
135 52 2
135 53 6
135 55 8
135 69 7
135 78 3
135 84 5
135 105 1
135 110 3
135 114 4
135 129 3
135 132 5
135 134 9
135 141 7
135 144 3
135 147 1
135 156 3
135 169 3
135 170 2
135 172 5
135 173 7
135 182 3
135 197 3
136 6 1
136 20 5
136 21 3
136 26 9
136 38 1
136 39 3
136 94 7
136 109 8
136 115 8
136 117 4
136 118 8
136 122 8
136 133 6
136 136 7
136 139 7
136 169 4
136 170 5
136 172 9
136 176 8
136 177 2
136 180 6
136 182 3
136 199 3
137 7 9
137 20 7
137 33 3
137 47 9
137 48 8
137 56 9
137 62 9
137 71 1
137 72 8
137 92 7
137 97 6
137 101 3
137 113 8
137 119 5
137 125 1
137 134 9
137 166 3
137 177 5
137 181 8
137 186 4
137 198 9
138 22 7
138 28 3
138 32 1
138 33 7
138 35 3
138 36 2
138 37 9
138 42 9
138 54 3
138 57 4
138 75 2
138 84 5
138 106 4
138 107 5
138 109 4
138 117 5
138 119 6
138 145 5
138 151 4
138 175 2
139 3 9
139 12 3
139 15 2
139 23 3
139 32 4
139 38 2
139 39 6
139 47 4
139 51 9
139 53 8
139 63 5
139 66 4
139 106 3
139 128 3
139 136 3
139 140 4
139 146 5
139 147 7
139 149 4
139 154 2
139 156 1
139 161 8
139 169 6
139 189 1
140 0 9
140 6 4
140 17 1
140 22 7
140 31 5
140 33 3
140 50 3
140 56 8
140 59 4
140 62 3
140 137 5
140 153 9
140 157 8
140 160 6
140 161 2
140 170 8
140 183 2
140 198 9
141 2 2
141 14 4
141 23 9
141 53 1
141 57 2
141 63 4
141 75 6
141 78 3
141 103 3
141 104 8
141 127 7
141 187 6
142 7 7
142 29 1
142 31 6
142 39 2
142 42 4
142 50 6
142 59 6
142 77 3
142 78 1
142 81 9
142 93 4
142 101 6
142 104 4
142 109 4
142 120 1
142 155 9
142 162 7
142 184 9
142 186 5
142 196 4
143 10 8
143 11 2
143 12 1
143 15 1
143 56 3
143 57 6
143 76 1
143 82 2
143 87 3
143 88 3
143 93 3
143 123 2
143 124 1
143 132 1
143 166 6
143 178 4
143 182 6
143 187 9
143 199 3
144 1 2
144 32 5
144 43 8
144 47 7
144 56 1
144 70 3
144 84 3
144 92 2
144 93 1
144 95 3
144 100 6
144 112 6
144 116 6
144 122 5
144 126 9
144 131 8
144 140 1
144 149 6
144 186 9
144 196 2
145 1 7
145 10 7
145 20 2
145 44 9
145 49 1
145 58 5
145 72 9
145 80 9
145 82 9
145 88 5
145 89 5
145 91 6
145 104 7
145 112 2
145 113 5
145 114 9
145 126 5
145 130 7
145 136 8
145 160 9
145 175 7
145 179 6
145 180 3
145 189 1
145 196 3
145 197 3
146 11 1
146 15 8
146 26 2
146 37 8
146 51 4
146 56 1
146 63 9
146 84 1
146 91 8
146 101 6
146 108 1
146 111 2
146 127 7
146 131 2
146 133 8
146 139 8
146 143 8
146 161 9
146 162 3
146 173 8
146 177 8
147 6 3
147 33 1
147 40 5
147 47 7
147 50 7
147 55 2
147 57 4
147 63 8
147 77 6
147 105 8
147 107 3
147 108 5
147 116 6
147 129 4
147 137 5
147 138 9
147 144 8
147 149 2
147 160 7
147 173 3
147 174 9
148 0 4
148 2 3
148 9 4
148 10 9
148 15 2
148 21 2
148 38 6
148 46 7
148 51 4
148 52 4
148 57 4
148 65 8
148 66 7
148 67 9
148 70 1
148 73 8
148 76 8
148 94 3
148 95 9
148 98 6
148 110 9
148 119 5
148 125 7
148 127 6
148 137 2
148 146 3
148 149 6
148 176 2
148 178 6
148 185 4
148 189 7
149 18 8
149 28 7
149 40 5
149 75 2
149 85 5
149 88 7
149 91 1
149 105 6
149 112 6
149 119 4
149 124 5
149 126 7
149 127 2
149 129 9
149 130 8
149 133 5
149 134 5
149 142 2
149 152 6
149 156 5
149 158 6
149 160 6
149 172 8
149 180 8
150 0 8
150 12 9
150 21 6
150 42 2
150 49 6
150 54 2
150 61 6
150 70 6
150 78 1
150 88 6
150 89 9
150 91 4
150 107 3
150 127 1
150 154 8
150 172 9
150 185 7
150 190 7
151 11 4
151 26 2
151 29 2
151 52 8
151 57 5
151 61 9
151 65 4
151 71 9
151 109 2
151 112 9
151 117 8
151 139 4
151 143 8
151 155 5
151 159 6
151 165 2
151 168 8
151 174 2
151 184 6
151 185 9
152 1 8
152 3 8
152 7 5
152 12 7
152 20 8
152 23 6
152 42 7
152 54 9
152 62 4
152 78 6
152 81 2
152 85 7
152 104 3
152 109 4
152 113 8
152 114 1
152 116 9
152 120 3
152 143 6
152 145 2
152 148 2
152 156 1
152 157 5
152 158 4
152 179 1
152 184 8
152 185 1
152 195 7
153 25 2
153 38 1
153 40 6
153 41 8
153 46 1
153 55 8
153 60 6
153 66 5
153 73 1
153 74 5
153 75 2
153 88 5
153 96 6
153 103 4
153 104 9
153 106 8
153 109 3
153 112 6
153 113 4
153 132 1
153 147 5
153 160 3
153 177 1
153 181 6
153 198 2
154 0 5
154 4 1
154 6 8
154 46 6
154 52 6
154 71 7
154 84 2
154 90 8
154 92 5
154 94 6
154 98 4
154 112 5
154 121 9
154 140 2
154 154 8
154 155 4
154 156 4
154 157 4
154 167 8
154 173 9
154 176 3
154 187 8
155 7 2
155 8 1
155 11 8
155 15 4
155 27 7
155 43 4
155 62 4
155 67 5
155 73 6
155 84 2
155 97 8
155 111 9
155 125 7
155 132 9
155 134 9
155 153 2
155 161 3
155 187 8
155 189 3
156 9 4
156 15 5
156 48 2
156 54 2
156 58 4
156 64 4
156 73 1
156 92 2
156 109 2
156 118 5
156 140 8
156 154 2
156 161 9
156 172 1
156 176 2
156 185 1
157 1 5
157 6 1
157 11 6
157 21 9
157 42 8
157 44 6
157 45 7
157 58 8
157 69 9
157 86 8
157 150 6
157 157 4
157 183 2
157 185 4
157 196 1
158 7 3
158 8 1
158 17 6
158 18 7
158 22 1
158 44 2
158 46 4
158 54 8
158 85 6
158 91 2
158 104 4
158 111 5
158 126 5
158 140 1
158 181 6
158 186 1
158 198 1
159 3 7
159 9 2
159 20 2
159 23 5
159 27 3
159 32 2
159 40 7
159 45 9
159 53 6
159 58 7
159 63 7
159 75 7
159 87 6
159 91 1
159 103 8
159 114 4
159 124 8
159 132 1
159 158 3
159 165 3
160 10 3
160 15 8
160 19 3
160 20 5
160 26 2
160 39 6
160 61 6
160 76 5
160 79 6
160 83 2
160 84 9
160 134 3
160 138 1
160 145 4
160 146 5
160 147 3
160 154 3
160 155 1
160 163 8
160 174 3
160 180 1
160 191 4
160 195 4
160 196 9
160 197 4
160 199 8
161 7 2
161 9 9
161 25 9
161 26 1
161 29 1
161 34 2
161 39 3
161 49 5
161 73 9
161 86 8
161 87 5
161 124 1
161 129 7
161 131 8
161 142 3
161 156 9
161 158 7
161 161 5
161 165 6
161 170 4
161 184 8
161 197 6
162 3 7
162 13 4
162 24 3
162 25 4
162 31 1
162 32 8
162 57 8
162 108 9
162 121 5
162 128 9
162 129 4
162 133 6
162 141 9
162 144 2
162 159 6
162 166 1
162 168 4
162 195 7
162 196 1
162 199 8
163 3 5
163 5 3
163 16 8
163 22 9
163 33 5
163 43 2
163 50 1
163 54 5
163 56 5
163 66 8
163 70 1
163 92 5
163 94 2
163 97 2
163 98 3
163 99 3
163 105 7
163 116 1
163 121 1
163 124 5
163 129 3
163 130 3
163 135 9
163 139 2
163 164 2
163 177 9
163 181 3
163 188 7
164 9 9
164 25 3
164 38 4
164 48 4
164 51 2
164 59 4
164 62 5
164 69 1
164 74 6
164 89 4
164 93 1
164 98 5
164 101 6
164 121 5
164 126 2
164 139 4
164 144 9
164 156 1
164 158 2
164 164 4
164 188 3
164 194 3
164 195 4
165 19 3
165 50 4
165 52 4
165 53 3
165 65 2
165 73 9
165 80 7
165 90 8
165 91 1
165 119 6
165 122 6
165 128 4
165 151 7
165 196 1
166 2 5
166 7 8
166 11 5
166 12 6
166 22 3
166 25 2
166 34 1
166 81 7
166 100 4
166 101 5
166 120 5
166 160 3
166 161 3
166 166 5
166 168 9
166 173 9
166 178 5
166 192 3
167 4 6
167 10 1
167 15 6
167 16 7
167 26 2
167 27 6
167 54 4
167 58 3
167 81 6
167 82 6
167 95 7
167 113 9
167 123 7
167 128 6
167 138 4
167 144 8
167 148 9
167 153 7
167 168 5
168 3 1
168 6 5
168 13 6
168 34 5
168 55 6
168 68 9
168 74 9
168 77 4
168 88 8
168 92 7
168 119 4
168 142 8
168 155 3
168 159 6
168 170 8
168 179 4
168 183 1
168 191 2
168 194 4
168 195 4
169 11 7
169 12 2
169 13 1
169 52 7
169 66 6
169 78 8
169 85 2
169 92 2
169 97 7
169 99 3
169 101 7
169 119 3
169 124 8
169 135 3
169 142 2
169 148 2
169 158 4
170 6 4
170 21 8
170 25 9
170 65 4
170 73 3
170 89 3
170 101 1
170 108 4
170 110 9
170 111 2
170 124 8
170 140 6
170 144 7
170 147 4
170 157 5
170 160 1
170 167 7
170 179 1
170 183 7
170 190 9
171 14 9
171 15 9
171 17 4
171 19 6
171 24 3
171 38 1
171 44 8
171 51 2
171 54 1
171 58 1
171 69 4
171 73 4
171 76 8
171 83 3
171 84 9
171 100 9
171 109 2
171 110 1
171 115 6
171 118 3
171 166 4
171 193 4
171 194 9
172 1 5
172 21 6
172 26 3
172 28 2
172 36 1
172 57 3
172 66 9
172 74 1
172 87 1
172 90 8
172 94 7
172 95 2
172 104 6
172 115 2
172 142 4
172 146 9
172 150 5
172 163 9
172 168 2
172 175 4
172 192 6
172 195 5
172 197 6
173 4 9
173 9 8
173 10 7
173 12 5
173 18 3
173 48 4
173 63 9
173 65 9
173 66 7
173 80 7
173 82 3
173 83 6
173 96 6
173 104 4
173 109 7
173 112 7
173 119 7
173 120 4
173 132 7
173 158 3
173 160 3
173 176 9
173 180 5
173 181 2
173 185 2
173 195 4
174 5 8
174 11 6
174 17 4
174 20 1
174 28 8
174 33 6
174 37 8
174 48 8
174 58 4
174 67 8
174 74 8
174 75 2
174 79 8
174 84 4
174 85 9
174 89 9
174 94 6
174 95 7
174 103 4
174 105 2
174 119 3
174 125 9
174 129 4
174 136 1
174 137 2
174 140 8
174 153 7
174 162 3
174 186 5
175 6 7
175 7 9
175 20 6
175 21 8
175 25 9
175 36 4
175 41 5
175 48 4
175 51 6
175 57 8
175 66 5
175 72 2
175 74 7
175 77 5
175 108 1
175 110 8
175 116 7
175 140 9
175 150 4
175 151 3
175 154 8
175 156 4
175 159 4
175 161 4
175 171 5
175 192 2
175 193 8
175 196 9
176 7 1
176 10 3
176 15 8
176 23 5
176 30 5
176 38 6
176 44 3
176 50 7
176 65 3
176 74 6
176 86 5
176 103 6
176 104 9
176 112 5
176 115 1
176 116 6
176 121 1
176 123 9
176 130 7
176 144 5
176 147 8
176 152 7
176 155 5
176 162 3
176 174 2
176 177 8
176 188 9
176 192 6
176 194 5
177 0 6
177 45 4
177 56 9
177 71 3
177 75 2
177 76 8
177 90 3
177 96 1
177 107 1
177 117 1
177 118 1
177 123 3
177 130 2
177 132 4
177 141 9
177 142 2
177 145 1
177 161 2
177 163 2
177 164 3
177 189 8
178 16 7
178 22 4
178 46 8
178 51 5
178 75 6
178 76 6
178 86 1
178 90 3
178 95 2
178 97 5
178 101 3
178 109 2
178 142 5
178 161 2
178 172 3
178 180 6
178 181 8
178 186 9
178 191 3
178 193 3
179 5 6
179 21 7
179 22 9
179 24 7
179 29 4
179 52 2
179 59 7
179 61 7
179 65 5
179 66 6
179 69 7
179 71 3
179 82 9
179 91 4
179 100 1
179 101 9
179 136 2
179 142 3
179 147 5
179 150 8
179 179 2
179 189 8
180 12 2
180 43 2
180 44 3
180 45 2
180 48 3
180 49 9
180 55 7
180 57 3
180 58 1
180 62 8
180 69 7
180 72 6
180 86 2
180 91 6
180 93 2
180 96 5
180 111 6
180 113 1
180 119 2
180 122 9
180 134 5
180 140 7
180 144 8
180 163 7
180 164 7
180 166 3
180 170 5
180 186 5
180 189 2
181 0 6
181 1 1
181 11 4
181 26 4
181 44 9
181 64 2
181 83 9
181 95 1
181 106 9
181 126 6
181 130 6
181 135 3
181 147 8
181 172 2
181 180 9
181 186 7
181 188 1
181 192 3
181 199 4
182 23 8
182 41 9
182 65 5
182 76 7
182 87 4
182 123 9
182 130 4
182 131 7
182 147 6
182 151 4
182 153 5
182 154 7
182 167 3
183 0 1
183 5 2
183 10 1
183 27 1
183 30 8
183 40 6
183 47 1
183 81 6
183 90 8
183 107 4
183 109 3
183 114 8
183 139 1
183 145 6
183 161 4
183 163 3
183 164 6
183 170 6
183 183 2
183 187 5
184 26 9
184 27 7
184 28 8
184 49 9
184 52 9
184 59 3
184 64 1
184 81 6
184 84 4
184 105 5
184 107 4
184 109 2
184 115 2
184 129 4
184 146 2
184 147 4
184 153 1
184 169 1
184 178 6
184 186 1
185 2 5
185 15 4
185 16 3
185 36 7
185 40 8
185 44 3
185 55 2
185 56 7
185 63 2
185 65 2
185 71 6
185 79 5
185 84 7
185 96 4
185 100 8
185 103 7
185 130 5
185 131 2
185 137 2
185 138 2
185 139 9
185 151 2
185 166 9
185 177 3
185 186 4
185 187 4
186 4 9
186 9 2
186 22 7
186 28 8
186 33 9
186 36 5
186 56 9
186 58 9
186 76 5
186 84 5
186 89 4
186 112 3
186 122 6
186 135 6
186 137 7
186 151 3
186 152 7
186 157 9
186 161 5
186 165 5
186 170 8
186 172 7
186 182 2
186 189 7
186 196 7
187 5 6
187 10 1
187 15 6
187 40 9
187 43 6
187 47 2
187 48 6
187 63 9
187 64 4
187 75 9
187 84 6
187 109 8
187 110 1
187 138 4
187 144 2
187 149 3
187 158 3
187 174 5
187 183 7
187 193 1
188 11 8
188 27 4
188 42 7
188 43 7
188 47 6
188 59 9
188 64 5
188 69 8
188 77 1
188 88 9
188 91 8
188 93 3
188 98 8
188 104 5
188 106 8
188 109 5
188 122 6
188 125 6
188 143 8
188 146 7
188 151 6
188 153 1
188 159 2
188 163 5
188 164 7
188 165 4
188 185 8
188 191 7
189 31 4
189 36 7
189 38 3
189 39 9
189 47 4
189 57 4
189 69 3
189 71 3
189 72 8
189 85 5
189 92 7
189 98 5
189 111 1
189 117 1
189 124 1
189 126 3
189 139 3
189 147 6
189 151 6
189 157 3
189 170 2
189 171 5
189 180 2
189 183 8
189 189 1
189 199 2
190 8 4
190 11 8
190 12 5
190 40 2
190 52 1
190 54 9
190 56 7
190 67 4
190 75 7
190 80 8
190 106 4
190 115 1
190 126 6
190 142 6
190 149 3
190 152 1
190 154 8
191 4 3
191 12 7
191 16 5
191 23 7
191 25 4
191 28 5
191 30 7
191 34 6
191 47 3
191 48 4
191 58 6
191 80 7
191 81 5
191 88 6
191 105 8
191 111 2
191 121 4
191 126 1
191 152 9
191 166 7
191 172 2
192 4 9
192 8 7
192 14 2
192 18 9
192 28 6
192 31 8
192 33 3
192 46 9
192 55 5
192 66 2
192 68 9
192 71 9
192 78 1
192 81 8
192 82 8
192 98 1
192 101 3
192 103 5
192 114 6
192 117 7
192 123 4
192 137 8
192 165 1
192 183 1
193 7 3
193 56 5
193 63 3
193 64 4
193 66 9
193 73 1
193 80 9
193 97 5
193 112 4
193 113 9
193 147 7
193 152 4
193 154 5
193 157 8
193 162 1
193 165 7
193 168 9
193 183 4
193 189 5
194 1 1
194 14 7
194 17 6
194 18 4
194 23 5
194 28 3
194 30 2
194 36 9
194 42 3
194 60 8
194 82 2
194 101 1
194 106 3
194 112 7
194 117 4
194 127 3
194 134 9
194 138 6
194 163 7
194 164 2
194 170 9
194 190 2
195 51 1
195 56 9
195 65 9
195 73 8
195 86 1
195 89 5
195 90 9
195 93 5
195 96 5
195 101 2
195 114 1
195 152 8
195 175 9
196 0 6
196 17 9
196 21 9
196 46 9
196 61 7
196 71 8
196 78 1
196 96 3
196 105 2
196 129 5
196 136 5
196 145 2
196 150 5
196 154 5
196 159 6
196 161 3
196 168 5
196 182 5
196 195 7
197 22 1
197 23 7
197 34 3
197 41 9
197 58 3
197 75 9
197 86 2
197 88 8
197 99 1
197 115 4
197 139 5
197 156 7
197 159 3
197 161 5
197 163 4
198 0 3
198 5 6
198 6 1
198 7 2
198 36 9
198 38 7
198 42 1
198 60 5
198 68 7
198 72 1
198 75 6
198 79 3
198 82 6
198 92 7
198 142 3
198 151 9
198 165 4
198 166 6
198 170 7
198 175 1
198 177 7
198 184 2
198 185 2
198 187 9
198 190 5
198 196 5
198 199 4
199 10 9
199 19 4
199 41 5
199 57 3
199 91 2
199 94 5
199 124 1
199 126 5
199 138 6
199 140 9
199 145 6
199 161 8
199 163 9
199 188 2
199 194 8
200 25 9
200 52 8
200 73 9
200 79 3
200 82 5
200 86 4
200 95 6
200 102 9
200 106 1
200 112 3
200 117 3
200 122 2
200 127 1
200 133 8
200 161 5
200 165 6
200 182 1
200 183 9
200 198 8
201 8 9
201 15 6
201 16 9
201 43 7
201 49 8
201 51 1
201 54 6
201 70 8
201 83 7
201 88 9
201 89 3
201 100 6
201 102 8
201 105 3
201 136 9
201 146 2
201 158 3
201 162 4
201 163 9
201 170 5
201 197 2
202 0 6
202 8 8
202 33 1
202 75 3
202 76 3
202 96 1
202 104 7
202 109 3
202 121 8
202 132 8
202 137 4
202 141 6
202 174 9
202 181 8
202 182 2
202 185 3
203 18 4
203 25 3
203 36 4
203 57 1
203 63 4
203 72 2
203 79 3
203 88 6
203 89 6
203 97 6
203 104 2
203 112 4
203 140 2
203 149 6
203 150 4
203 174 7
203 176 9
203 197 7
203 198 2
204 3 5
204 18 4
204 27 9
204 43 4
204 55 6
204 65 7
204 90 4
204 96 6
204 104 2
204 107 8
204 113 7
204 114 3
204 115 5
204 134 1
204 142 8
204 145 3
204 149 9
204 157 2
204 160 8
204 162 2
204 171 4
204 176 3
204 178 7
204 188 5
204 197 7
205 6 8
205 20 6
205 29 8
205 43 4
205 44 5
205 46 9
205 48 5
205 63 3
205 82 3
205 89 7
205 112 7
205 127 7
205 133 6
205 137 6
205 140 4
205 142 4
205 154 3
205 155 2
205 159 7
205 171 4
205 186 3
206 1 9
206 10 5
206 13 8
206 19 4
206 26 9
206 31 5
206 32 8
206 39 1
206 52 8
206 67 5
206 74 3
206 78 1
206 80 2
206 83 5
206 111 9
206 115 3
206 124 9
206 127 2
206 134 1
206 154 2
206 185 5
206 197 7
207 15 3
207 17 7
207 20 2
207 21 4
207 24 1
207 48 1
207 65 1
207 67 9
207 79 9
207 88 9
207 118 9
207 131 6
207 144 3
207 154 8
207 161 1
207 168 5
207 180 2
207 183 8
207 194 3
207 199 3
208 3 7
208 11 7
208 19 9
208 20 7
208 28 3
208 29 9
208 39 9
208 40 1
208 41 8
208 50 4
208 72 1
208 75 8
208 81 6
208 82 5
208 83 7
208 88 8
208 97 6
208 98 3
208 104 8
208 111 7
208 134 6
208 135 3
208 138 7
208 146 3
208 152 7
208 154 8
208 155 2
208 159 5
208 167 9
208 169 3
208 171 8
209 3 9
209 16 4
209 33 9
209 35 2
209 39 4
209 42 1
209 45 9
209 50 9
209 74 4
209 80 1
209 86 9
209 94 7
209 97 5
209 101 7
209 102 4
209 127 3
209 132 1
209 141 4
209 161 3
209 166 7
209 180 5
209 183 6
209 184 1
209 188 1
209 194 4
209 198 2
210 23 5
210 24 2
210 40 6
210 41 6
210 66 1
210 89 3
210 91 8
210 95 6
210 101 1
210 119 3
210 126 6
210 133 7
210 134 2
210 143 2
210 147 5
210 169 6
210 174 6
210 177 7
210 178 3
210 191 7
210 197 5
211 28 5
211 36 2
211 44 1
211 50 5
211 59 5
211 63 4
211 75 9
211 76 8
211 84 2
211 91 7
211 93 2
211 100 7
211 104 6
211 105 7
211 113 3
211 114 6
211 125 2
211 128 3
211 130 9
211 136 1
211 137 7
211 141 3
211 145 8
211 148 7
211 149 9
211 162 9
211 163 8
211 165 1
211 171 8
211 183 5
211 189 1
212 16 3
212 18 9
212 19 4
212 43 1
212 47 6
212 51 4
212 56 8
212 57 3
212 59 9
212 80 5
212 99 2
212 104 6
212 106 7
212 124 2
212 133 9
212 160 4
212 169 4
212 190 9
212 192 5
213 6 4
213 9 5
213 19 1
213 23 4
213 24 5
213 28 6
213 36 2
213 48 2
213 59 8
213 69 7
213 75 8
213 83 2
213 99 6
213 126 9
213 128 7
213 131 1
213 132 7
213 138 4
213 157 3
213 158 1
213 162 3
213 166 4
213 188 1
214 5 4
214 33 7
214 34 2
214 36 4
214 44 8
214 47 2
214 58 9
214 59 1
214 84 7
214 90 8
214 102 3
214 103 7
214 120 1
214 136 2
214 146 2
214 148 9
214 149 9
214 161 8
214 166 1
214 189 5
215 8 5
215 16 1
215 28 1
215 29 8
215 30 1
215 42 5
215 53 6
215 56 2
215 59 4
215 74 9
215 84 3
215 87 8
215 101 1
215 110 1
215 112 8
215 116 1
215 119 9
215 122 6
215 131 5
215 148 4
215 163 6
215 165 7
215 189 6
215 192 8
216 12 4
216 13 2
216 14 4
216 19 2
216 24 5
216 25 7
216 33 9
216 34 1
216 36 6
216 38 9
216 55 7
216 61 7
216 65 6
216 83 1
216 88 3
216 101 1
216 102 8
216 118 9
216 122 9
216 123 2
216 139 7
216 142 7
216 148 7
216 153 8
216 154 3
216 160 5
216 161 3
216 172 1
216 187 5
216 194 4
216 199 3
217 15 7
217 27 5
217 35 2
217 51 4
217 64 1
217 65 4
217 66 6
217 67 9
217 68 6
217 79 3
217 81 5
217 82 3
217 108 6
217 125 5
217 153 1
217 157 1
217 163 5
217 164 5
217 170 1
217 178 3
217 185 5
218 2 7
218 4 7
218 5 4
218 6 2
218 8 2
218 10 5
218 17 7
218 23 9
218 37 9
218 51 7
218 58 8
218 62 6
218 68 2
218 94 6
218 96 5
218 103 6
218 117 6
218 130 2
218 144 2
218 148 2
218 152 2
218 161 3
218 164 2
218 165 2
218 167 2
218 170 1
218 171 9
218 180 4
218 190 6
219 14 1
219 40 6
219 44 7
219 52 3
219 57 6
219 58 3
219 68 3
219 76 9
219 86 8
219 94 3
219 96 5
219 112 3
219 136 3
219 140 7
219 161 3
219 166 5
219 168 4
219 172 6
219 187 6
219 196 3
220 22 3
220 23 3
220 31 4
220 33 4
220 37 2
220 60 4
220 61 9
220 65 7
220 67 4
220 80 4
220 82 4
220 91 3
220 99 2
220 106 2
220 110 9
220 117 9
220 125 2
220 145 4
220 167 7
220 168 7
220 185 7
221 36 2
221 46 5
221 59 3
221 70 6
221 122 1
221 128 8
221 165 8
221 191 6
221 198 5
222 12 5
222 50 2
222 57 7
222 62 2
222 87 3
222 99 2
222 106 5
222 113 7
222 135 4
222 138 3
222 140 7
222 155 9
222 159 7
222 172 2
222 193 6
223 4 3
223 17 1
223 27 5
223 29 5
223 35 6
223 64 7
223 76 5
223 84 7
223 92 4
223 95 7
223 117 9
223 125 7
223 167 5
223 186 2
223 197 8
224 4 6
224 6 1
224 7 4
224 8 2
224 17 9
224 26 4
224 38 5
224 52 8
224 54 4
224 67 4
224 68 1
224 85 3
224 90 4
224 91 5
224 104 8
224 107 4
224 110 1
224 120 8
224 130 3
224 133 2
224 140 2
224 141 9
224 143 1
224 160 7
224 168 1
224 193 1
225 4 2
225 9 2
225 27 5
225 37 2
225 46 9
225 52 3
225 53 9
225 60 9
225 64 6
225 87 2
225 88 5
225 98 5
225 116 1
225 127 7
225 144 5
225 147 4
225 149 2
225 150 6
225 158 9
225 175 8
226 3 2
226 50 7
226 67 9
226 77 6
226 78 6
226 87 8
226 99 3
226 154 2
226 157 7
226 179 5
226 182 4
226 187 4
226 199 9
227 26 9
227 29 9
227 41 8
227 43 9
227 50 9
227 54 4
227 57 3
227 84 5
227 93 4
227 95 4
227 96 5
227 113 2
227 121 5
227 122 9
227 143 1
227 150 7
227 151 9
227 167 9
227 179 4
227 180 7
227 198 5
228 5 8
228 8 9
228 17 8
228 37 1
228 38 9
228 47 3
228 66 4
228 116 9
228 119 8
228 124 2
228 126 4
228 132 1
228 137 8
228 147 1
228 151 6
228 176 8
228 180 6
228 188 3
229 4 6
229 15 5
229 19 9
229 30 5
229 32 8
229 37 9
229 40 5
229 50 2
229 59 1
229 60 4
229 61 5
229 74 9
229 82 3
229 95 5
229 100 6
229 102 9
229 125 7
229 131 8
229 140 8
229 150 2
229 172 1
229 178 3
229 179 8
229 196 1
230 8 6
230 9 3
230 22 1
230 42 2
230 45 7
230 46 8
230 52 2
230 59 8
230 63 2
230 110 3
230 114 3
230 117 9
230 130 1
230 155 6
230 156 4
230 194 6
231 6 8
231 7 2
231 17 5
231 32 5
231 57 5
231 109 9
231 114 8
231 125 9
231 129 8
231 136 3
231 158 3
231 174 6
231 183 6
231 193 8
232 13 9
232 16 9
232 22 6
232 27 4
232 55 2
232 62 2
232 71 3
232 75 8
232 81 3
232 92 5
232 106 5
232 108 1
232 114 8
232 116 1
232 119 9
232 133 5
232 135 5
232 154 8
232 166 9
232 170 2
232 198 6
233 20 2
233 23 3
233 28 6
233 50 5
233 57 3
233 58 4
233 71 5
233 75 7
233 77 1
233 81 3
233 86 2
233 94 4
233 106 4
233 123 7
233 158 5
233 183 4
233 190 2
233 196 1
233 199 6
234 11 9
234 18 8
234 20 4
234 36 1
234 57 4
234 67 2
234 71 1
234 78 7
234 79 2
234 113 5
234 122 6
234 123 3
234 133 5
234 134 4
234 136 3
234 144 1
234 147 8
234 148 5
234 151 6
234 171 9
234 180 2
234 186 5
234 190 6
234 198 8
234 199 4
235 3 6
235 9 5
235 12 9
235 34 5
235 44 4
235 69 3
235 79 2
235 95 3
235 107 1
235 137 2
235 146 9
235 169 7
235 184 1
235 185 4
235 189 2
236 7 5
236 11 1
236 17 8
236 64 7
236 67 3
236 72 1
236 74 2
236 75 9
236 96 7
236 97 5
236 129 4
236 130 9
236 155 3
236 166 8
236 170 5
236 173 6
236 184 3
236 191 2
236 193 1
237 4 3
237 27 9
237 45 8
237 47 3
237 63 3
237 67 1
237 84 1
237 106 2
237 107 3
237 129 3
237 136 8
237 161 4
237 170 6
237 177 8
237 186 4
237 189 1
237 195 1
238 0 8
238 5 9
238 9 2
238 11 7
238 23 4
238 29 8
238 40 1
238 50 7
238 68 1
238 87 8
238 91 2
238 96 8
238 97 4
238 102 1
238 103 1
238 106 8
238 109 9
238 118 6
238 123 2
238 130 5
238 143 2
238 160 3
238 168 2
238 180 4
238 196 9
238 197 4
239 3 7
239 12 1
239 25 4
239 31 5
239 38 6
239 42 1
239 54 3
239 58 2
239 74 1
239 86 8
239 109 2
239 112 8
239 117 4
239 138 3
239 153 4
239 154 7
239 163 3
239 176 9
239 178 7
239 182 4
239 184 4
239 190 7
240 1 3
240 5 7
240 6 5
240 16 8
240 17 5
240 35 8
240 40 4
240 45 9
240 47 1
240 64 7
240 84 1
240 86 5
240 119 9
240 120 3
240 133 7
240 142 3
240 151 3
240 154 7
240 158 9
240 167 5
240 169 6
240 184 2
240 185 3
240 197 1
241 11 3
241 17 3
241 22 4
241 42 8
241 48 8
241 54 9
241 57 7
241 62 7
241 81 5
241 102 9
241 138 4
241 140 7
241 147 4
241 158 2
241 162 3
241 172 4
241 185 3
241 190 6
242 45 2
242 47 8
242 59 8
242 70 2
242 83 6
242 86 3
242 91 2
242 104 1
242 111 2
242 120 2
242 146 9
242 166 8
242 167 7
242 175 4
242 177 6
242 179 2
243 4 5
243 6 2
243 7 3
243 8 5
243 17 5
243 35 5
243 44 7
243 46 7
243 47 6
243 59 1
243 63 9
243 68 4
243 75 3
243 90 2
243 97 9
243 105 7
243 111 6
243 122 1
243 136 7
243 142 8
243 175 2
243 177 4
243 195 4
244 1 5
244 4 2
244 10 9
244 31 2
244 54 7
244 83 8
244 92 3
244 100 9
244 120 7
244 121 3
244 125 2
244 138 4
244 150 6
244 165 9
244 185 8
244 189 6
244 192 1
245 14 5
245 23 4
245 28 7
245 40 6
245 48 8
245 50 9
245 58 9
245 84 4
245 119 8
245 124 4
245 133 7
245 149 4
245 165 6
245 173 4
245 180 7
245 190 4
245 193 7
245 199 6
246 16 7
246 18 9
246 32 7
246 49 6
246 63 8
246 74 9
246 80 3
246 97 1
246 104 7
246 107 3
246 113 4
246 139 5
246 147 3
246 153 7
246 154 3
246 164 3
246 192 7
246 194 7
246 198 3
247 1 7
247 19 3
247 28 9
247 29 6
247 34 5
247 49 2
247 59 3
247 64 2
247 75 3
247 98 8
247 99 2
247 103 7
247 113 1
247 125 7
247 137 9
247 143 4
247 148 5
247 152 1
247 163 3
247 176 7
247 181 2
247 183 2
247 184 8
247 187 5
248 4 1
248 19 7
248 25 2
248 28 9
248 31 2
248 39 9
248 42 5
248 49 3
248 53 7
248 54 4
248 69 3
248 99 8
248 100 2
248 110 4
248 119 9
248 125 6
248 145 8
248 157 3
248 161 4
248 171 7
248 192 1
249 1 7
249 7 8
249 20 6
249 31 1
249 36 6
249 41 2
249 48 5
249 60 6
249 61 4
249 92 5
249 94 1
249 132 9
249 149 6
249 150 9
249 155 5
249 159 2
249 170 6
249 179 8
249 180 4
249 186 4
249 194 2
250 16 9
250 18 8
250 21 8
250 24 5
250 30 4
250 48 1
250 68 9
250 81 5
250 98 1
250 109 2
250 113 3
250 124 1
250 125 5
250 131 3
250 133 5
250 170 5
250 180 2
250 182 7
250 183 1
250 186 2
250 195 2
251 8 5
251 18 8
251 19 1
251 24 8
251 27 3
251 31 7
251 49 4
251 53 6
251 57 8
251 64 8
251 65 7
251 67 4
251 73 8
251 80 1
251 82 5
251 91 3
251 98 5
251 124 7
251 179 8
251 186 9
252 15 8
252 24 4
252 31 3
252 50 5
252 51 5
252 56 9
252 59 2
252 60 9
252 66 8
252 67 6
252 68 5
252 79 1
252 104 8
252 112 6
252 120 2
252 124 9
252 133 3
252 149 1
252 154 8
252 158 7
252 169 5
252 171 6
252 177 1
252 183 7
253 0 6
253 6 6
253 11 3
253 30 4
253 38 2
253 39 9
253 44 4
253 61 5
253 62 6
253 69 8
253 102 1
253 104 3
253 106 3
253 107 1
253 112 3
253 114 2
253 116 7
253 127 3
253 137 4
253 142 2
253 149 4
253 169 1
253 187 7
254 24 3
254 27 2
254 41 6
254 53 1
254 57 6
254 65 3
254 66 9
254 72 9
254 77 9
254 80 9
254 82 7
254 83 3
254 87 6
254 100 9
254 104 2
254 111 9
254 125 1
254 155 8
254 162 2
254 163 7
254 164 3
254 168 1
254 187 4
254 195 5
255 0 2
255 4 7
255 20 6
255 33 6
255 35 1
255 39 4
255 42 8
255 49 3
255 57 4
255 76 1
255 81 1
255 102 8
255 104 8
255 150 4
255 152 7
255 160 5
255 173 8
255 183 9
255 187 5
255 191 3
256 11 7
256 26 8
256 30 3
256 47 4
256 48 8
256 50 6
256 52 4
256 63 3
256 66 3
256 70 3
256 79 4
256 82 7
256 104 3
256 115 7
256 132 3
256 151 8
256 157 8
256 160 2
256 184 5
256 196 9
257 7 3
257 18 5
257 22 7
257 25 9
257 28 1
257 30 9
257 31 4
257 36 2
257 42 1
257 45 7
257 48 5
257 60 9
257 61 7
257 84 6
257 95 2
257 104 2
257 109 1
257 130 7
257 150 8
257 153 6
257 154 2
257 175 4
257 176 6
257 193 9
258 3 9
258 5 7
258 29 7
258 44 7
258 48 5
258 55 6
258 59 2
258 72 2
258 80 7
258 85 6
258 106 3
258 121 9
258 126 4
258 136 7
258 158 4
258 182 9
258 188 3
258 191 9
259 15 4
259 20 1
259 29 9
259 45 7
259 50 6
259 77 2
259 87 9
259 102 1
259 103 8
259 105 9
259 108 3
259 110 3
259 113 9
259 138 4
259 193 6
259 195 1
260 2 3
260 16 3
260 25 6
260 39 2
260 45 3
260 67 8
260 86 5
260 103 9
260 125 2
260 134 7
260 144 9
260 152 5
260 163 2
260 179 9
260 197 2
261 10 6
261 53 5
261 55 2
261 63 2
261 69 7
261 71 7
261 86 4
261 87 4
261 89 7
261 103 8
261 114 7
261 116 4
261 122 3
261 128 1
261 132 1
261 136 8
261 146 6
261 147 5
261 152 9
261 172 9
261 187 7
261 199 9
262 9 8
262 36 7
262 37 2
262 46 8
262 60 7
262 62 4
262 81 4
262 84 9
262 90 3
262 93 2
262 98 9
262 109 9
262 120 3
262 137 7
262 141 4
262 147 5
262 153 3
262 160 8
262 173 6
262 186 8
262 191 9
262 193 4
263 1 9
263 3 2
263 10 4
263 23 2
263 28 5
263 37 6
263 45 5
263 55 8
263 73 4
263 78 8
263 114 2
263 116 7
263 128 8
263 136 6
263 156 4
263 176 7
263 184 6
263 186 5
264 0 8
264 2 2
264 13 7
264 15 1
264 26 3
264 28 8
264 36 6
264 37 3
264 41 5
264 43 6
264 58 3
264 61 5
264 72 8
264 122 7
264 127 3
264 135 8
264 144 6
264 151 1
264 155 8
264 163 2
264 177 8
264 199 4
265 3 5
265 18 6
265 31 9
265 32 6
265 52 4
265 61 5
265 62 6
265 64 5
265 68 3
265 73 2
265 101 5
265 102 4
265 115 7
265 133 2
265 134 5
265 163 2
265 170 4
265 176 5
265 178 7
265 184 3
265 196 8
266 10 8
266 17 2
266 18 2
266 24 3
266 29 1
266 36 9
266 37 5
266 47 5
266 61 9
266 73 5
266 77 1
266 94 9
266 98 4
266 104 2
266 105 1
266 107 8
266 109 4
266 132 3
266 156 9
266 161 5
266 163 3
266 167 3
266 185 5
266 194 7
267 2 1
267 10 6
267 19 4
267 30 4
267 44 8
267 64 6
267 88 7
267 101 1
267 102 6
267 110 1
267 118 4
267 128 9
267 148 4
267 159 7
267 162 1
267 166 9
267 171 1
267 178 5
267 184 4
268 4 3
268 18 2
268 19 8
268 20 1
268 34 4
268 37 8
268 64 8
268 69 7
268 71 2
268 85 5
268 103 5
268 116 4
268 137 4
268 146 8
268 153 2
268 155 1
268 167 1
268 169 3
269 1 2
269 3 7
269 12 2
269 24 7
269 26 2
269 31 3
269 36 8
269 71 2
269 84 8
269 93 7
269 94 8
269 104 1
269 119 7
269 143 9
269 146 7
269 151 2
269 154 2
269 161 7
269 174 3
269 188 2
270 0 8
270 6 5
270 11 9
270 12 9
270 24 6
270 30 4
270 32 9
270 67 5
270 90 1
270 93 9
270 94 8
270 96 7
270 97 3
270 118 3
270 132 5
270 138 7
270 161 2
270 170 6
270 197 1
271 20 8
271 21 1
271 26 8
271 42 3
271 48 2
271 73 2
271 76 8
271 81 1
271 82 2
271 99 9
271 105 7
271 111 7
271 115 3
271 116 1
271 121 6
271 126 5
271 129 1
271 139 4
271 144 5
271 154 1
271 167 8
271 177 3
271 199 2
272 1 2
272 8 5
272 23 9
272 28 1
272 30 2
272 31 9
272 54 3
272 63 4
272 72 7
272 79 4
272 80 3
272 82 6
272 83 8
272 109 6
272 113 9
272 123 2
272 153 1
272 173 2
272 191 8
273 1 1
273 3 7
273 10 4
273 13 8
273 17 3
273 26 3
273 43 5
273 46 5
273 73 8
273 77 9
273 88 1
273 102 4
273 104 2
273 106 7
273 113 4
273 150 4
273 161 4
273 165 8
274 14 8
274 20 5
274 32 9
274 35 8
274 108 9
274 113 8
274 115 1
274 119 5
274 123 3
274 128 2
274 137 8
274 149 5
274 165 2
274 178 3
274 179 6
274 184 9
274 195 1
274 199 7
275 4 4
275 18 9
275 33 3
275 34 8
275 64 6
275 68 3
275 76 9
275 85 3
275 86 5
275 90 6
275 95 9
275 100 2
275 117 8
275 125 5
275 139 1
275 172 5
275 175 4
275 193 6
275 197 4
275 198 9
276 29 5
276 31 9
276 36 5
276 46 2
276 71 9
276 74 7
276 89 6
276 95 3
276 106 9
276 111 8
276 121 4
276 123 1
276 127 1
276 142 9
276 158 3
276 166 2
276 184 9
276 189 4
276 190 5
276 196 4
277 2 5
277 13 5
277 17 7
277 27 5
277 40 9
277 47 8
277 52 4
277 63 4
277 87 9
277 100 9
277 110 6
277 147 2
277 155 5
277 166 6
277 171 9
277 186 2
278 14 5
278 20 2
278 27 8
278 28 3
278 40 4
278 61 1
278 82 7
278 87 7
278 92 4
278 96 1
278 102 5
278 108 4
278 120 7
278 122 1
278 133 3
278 142 7
278 145 9
278 160 5
278 173 7
278 197 4
279 1 7
279 9 1
279 18 1
279 22 6
279 25 8
279 34 8
279 38 8
279 92 7
279 120 7
279 129 2
279 135 6
279 142 7
279 150 1
279 151 4
279 152 6
279 156 2
279 172 4
279 187 3
279 192 1
280 5 7
280 18 1
280 22 2
280 29 1
280 50 8
280 56 9
280 61 3
280 72 1
280 81 4
280 82 9
280 94 9
280 96 3
280 112 4
280 147 4
280 156 6
280 185 9
281 13 7
281 30 3
281 34 5
281 35 4
281 39 5
281 44 6
281 54 3
281 63 6
281 69 5
281 86 1
281 114 2
281 115 6
281 157 4
281 174 7
281 178 6
281 199 9
282 0 4
282 18 6
282 21 3
282 28 2
282 38 1
282 52 6
282 57 2
282 58 5
282 59 9
282 68 4
282 101 9
282 113 2
282 117 7
282 120 3
282 122 1
282 123 3
282 147 7
282 148 4
282 174 1
282 180 5
282 183 4
282 191 1
282 198 9
282 199 6
283 0 1
283 2 6
283 6 4
283 13 9
283 18 8
283 41 5
283 55 2
283 78 6
283 92 1
283 93 3
283 94 5
283 106 9
283 114 2
283 116 5
283 119 4
283 120 9
283 124 4
283 133 6
283 145 2
283 155 5
283 158 9
283 159 6
283 170 5
283 172 5
283 175 7
283 179 8
283 188 8
283 189 8
284 0 4
284 1 4
284 25 8
284 29 3
284 42 5
284 48 5
284 54 5
284 58 4
284 59 7
284 66 6
284 73 2
284 74 3
284 78 3
284 98 5
284 99 7
284 120 7
284 130 3
284 131 4
284 135 4
284 141 2
284 150 3
284 161 3
284 164 5
284 185 2
285 10 2
285 19 8
285 22 5
285 30 5
285 34 9
285 38 1
285 41 3
285 69 8
285 82 6
285 90 2
285 94 7
285 103 1
285 108 6
285 111 2
285 113 3
285 144 1
285 154 7
285 171 3
285 196 5
286 4 4
286 8 3
286 13 6
286 29 1
286 38 1
286 43 1
286 46 2
286 52 3
286 54 2
286 61 7
286 62 7
286 74 9
286 82 6
286 88 5
286 97 1
286 99 9
286 106 2
286 124 5
286 133 9
286 155 4
286 156 2
286 164 3
286 189 3
287 2 2
287 10 4
287 11 4
287 21 3
287 36 4
287 42 4
287 44 2
287 54 3
287 62 5
287 70 8
287 71 3
287 74 1
287 83 9
287 85 3
287 94 3
287 98 3
287 118 3
287 130 9
287 147 3
287 160 8
287 161 1
287 166 4
287 168 6
287 172 1
287 173 6
287 175 1
288 2 3
288 4 2
288 5 6
288 6 3
288 10 1
288 18 4
288 25 1
288 26 8
288 45 5
288 48 4
288 70 3
288 76 6
288 90 3
288 107 3
288 137 1
288 141 6
288 145 8
288 147 9
288 162 9
288 165 6
288 172 2
288 173 4
288 176 7
288 181 9
288 183 9
288 185 6
288 193 5
289 1 1
289 18 1
289 23 9
289 34 4
289 41 6
289 57 4
289 58 7
289 64 8
289 66 6
289 85 3
289 112 4
289 123 6
289 133 4
289 173 4
289 174 4
289 175 3
289 186 8
289 188 8
289 190 4
289 192 1
289 198 7
290 18 8
290 29 3
290 50 9
290 83 3
290 100 7
290 118 7
290 128 6
290 130 7
290 144 1
290 161 4
290 179 7
290 180 6
290 183 2
291 0 4
291 38 5
291 44 8
291 63 4
291 75 7
291 105 4
291 114 9
291 118 6
291 122 4
291 123 2
291 137 7
291 150 2
291 155 2
291 161 6
291 181 9
291 198 3
292 11 3
292 20 2
292 24 9
292 51 3
292 59 8
292 68 8
292 81 8
292 86 2
292 120 9
292 130 1
292 136 7
292 147 7
292 149 7
292 159 5
292 160 8
292 172 8
292 189 9
292 192 1
292 195 5
293 6 1
293 14 8
293 23 4
293 54 3
293 62 5
293 68 4
293 87 1
293 88 7
293 97 6
293 124 7
293 128 2
293 133 1
293 155 7
293 161 9
293 164 4
293 170 2
293 180 8
293 189 3
293 195 1
294 7 7
294 12 3
294 19 1
294 30 4
294 34 1
294 46 7
294 53 7
294 55 3
294 65 7
294 69 7
294 73 5
294 115 8
294 136 6
294 148 5
294 165 9
294 182 8
294 187 6
294 191 1
294 197 3
295 1 3
295 14 7
295 19 4
295 24 3
295 30 5
295 72 4
295 76 4
295 78 9
295 101 7
295 106 8
295 107 9
295 108 7
295 109 4
295 120 6
295 121 4
295 122 1
295 128 2
295 149 7
295 157 7
295 159 5
295 171 6
296 6 5
296 13 8
296 21 8
296 22 4
296 27 4
296 28 2
296 29 1
296 31 1
296 44 9
296 46 5
296 54 4
296 55 5
296 59 1
296 61 6
296 67 1
296 75 7
296 76 9
296 94 3
296 97 9
296 104 6
296 107 1
296 109 6
296 129 8
296 140 2
296 166 1
296 179 5
296 181 1
296 189 3
297 0 8
297 3 3
297 4 8
297 7 5
297 9 8
297 19 9
297 27 9
297 53 6
297 60 8
297 67 3
297 75 5
297 85 9
297 129 4
297 157 5
297 158 1
297 178 2
297 181 8
297 194 1
298 1 2
298 11 7
298 51 3
298 64 2
298 75 8
298 82 1
298 91 8
298 113 8
298 133 1
298 137 1
298 138 5
298 147 1
298 148 5
298 159 2
298 163 8
298 167 8
298 191 1
298 196 1
299 12 6
299 14 8
299 24 6
299 31 2
299 32 4
299 34 5
299 45 1
299 46 4
299 59 8
299 69 1
299 70 3
299 71 7
299 79 8
299 82 8
299 95 1
299 97 2
299 111 1
299 114 5
299 139 7
299 164 9
299 167 2
